Space group number 194 , P6_3/mmc
Lattice type : hP

Number of generators : 5

        1                  2                  3                  4          
  1  0  0     0      0 -1  0     0     -1  0  0     0      0  1  0     0    
  0  1  0     0      1 -1  0     0      0 -1  0     0      1  0  0     0    
  0  0  1     0      0  0  1     0      0  0  1   1/2      0  0 -1     0    

        5          
 -1  0  0     0    
  0 -1  0     0    
  0  0 -1     0    


Number of elements : 24

        1                  2                  3                  4          
  1  0  0     0      0 -1  0     0     -1  1  0     0     -1  0  0     0    
  0  1  0     0      1 -1  0     0     -1  0  0     0      0 -1  0     0    
  0  0  1     0      0  0  1     0      0  0  1     0      0  0  1   1/2    

        5                  6                  7                  8          
  0  1  0     0      1 -1  0     0      0  1  0     0      1 -1  0     0    
 -1  1  0     0      1  0  0     0      1  0  0     0      0 -1  0     0    
  0  0  1   1/2      0  0  1   1/2      0  0 -1     0      0  0 -1     0    

        9                 10                 11                 12          
 -1  0  0     0      0 -1  0     0     -1  1  0     0      1  0  0     0    
 -1  1  0     0     -1  0  0     0      0  1  0     0      1 -1  0     0    
  0  0 -1     0      0  0 -1  -1/2      0  0 -1  -1/2      0  0 -1  -1/2    

       13                 14                 15                 16          
 -1  0  0     0      0  1  0     0      1 -1  0     0      1  0  0     0    
  0 -1  0     0     -1  1  0     0      1  0  0     0      0  1  0     0    
  0  0 -1     0      0  0 -1     0      0  0 -1     0      0  0 -1  -1/2    

       17                 18                 19                 20          
  0 -1  0     0     -1  1  0     0      0 -1  0     0     -1  1  0     0    
  1 -1  0     0     -1  0  0     0     -1  0  0     0      0  1  0     0    
  0  0 -1  -1/2      0  0 -1  -1/2      0  0  1     0      0  0  1     0    

       21                 22                 23                 24          
  1  0  0     0      0  1  0     0      1 -1  0     0     -1  0  0     0    
  1 -1  0     0      1  0  0     0      0 -1  0     0     -1  1  0     0    
  0  0  1     0      0  0  1   1/2      0  0  1   1/2      0  0  1   1/2    


k-vector 
  in primitive basis :                        0.000  0.000  0.000
  in standard dual basis :                    0.000  0.000  0.000
The user label for this k-vector is:          GM
The standard label for this k-vector is:      GM


The star of the k-vector has the following 1 arms :
  0.000  0.000  0.000


The little group of the k-vector has the following 24
elements as translation coset representatives :

        1                  2                  3                  4          
  1  0  0     0      0 -1  0     0     -1  1  0     0     -1  0  0     0    
  0  1  0     0      1 -1  0     0     -1  0  0     0      0 -1  0     0    
  0  0  1     0      0  0  1     0      0  0  1     0      0  0  1   1/2    

        5                  6                  7                  8          
  0  1  0     0      1 -1  0     0      0  1  0     0      1 -1  0     0    
 -1  1  0     0      1  0  0     0      1  0  0     0      0 -1  0     0    
  0  0  1   1/2      0  0  1   1/2      0  0 -1     0      0  0 -1     0    

        9                 10                 11                 12          
 -1  0  0     0      0 -1  0     0     -1  1  0     0      1  0  0     0    
 -1  1  0     0     -1  0  0     0      0  1  0     0      1 -1  0     0    
  0  0 -1     0      0  0 -1  -1/2      0  0 -1  -1/2      0  0 -1  -1/2    

       13                 14                 15                 16          
 -1  0  0     0      0  1  0     0      1 -1  0     0      1  0  0     0    
  0 -1  0     0     -1  1  0     0      1  0  0     0      0  1  0     0    
  0  0 -1     0      0  0 -1     0      0  0 -1     0      0  0 -1  -1/2    

       17                 18                 19                 20          
  0 -1  0     0     -1  1  0     0      0 -1  0     0     -1  1  0     0    
  1 -1  0     0     -1  0  0     0     -1  0  0     0      0  1  0     0    
  0  0 -1  -1/2      0  0 -1  -1/2      0  0  1     0      0  0  1     0    

       21                 22                 23                 24          
  1  0  0     0      0  1  0     0      1 -1  0     0     -1  0  0     0    
  1 -1  0     0      1  0  0     0      0 -1  0     0     -1  1  0     0    
  0  0  1     0      0  0  1   1/2      0  0  1   1/2      0  0  1   1/2    


The space group has the following 1 elements as
coset representatives relative to the little group :

        1          
  1  0  0     0    
  0  1  0     0    
  0  0  1     0    


The little group of the k-vector has  12  allowed irreps.
The matrices, corresponding to all of the little group elements are :

 Irrep GM_1+ ,  dimension 1
      1               2               3               4         
(1.000,  0.0)   (1.000,  0.0)   (1.000,  0.0)   (1.000,  0.0)   

      5               6               7               8         
(1.000,  0.0)   (1.000,  0.0)   (1.000,  0.0)   (1.000,  0.0)   

      9              10              11              12         
(1.000,  0.0)   (1.000,  0.0)   (1.000,  0.0)   (1.000,  0.0)   

     13              14              15              16         
(1.000,  0.0)   (1.000,  0.0)   (1.000,  0.0)   (1.000,  0.0)   

     17              18              19              20         
(1.000,  0.0)   (1.000,  0.0)   (1.000,  0.0)   (1.000,  0.0)   

     21              22              23              24         
(1.000,  0.0)   (1.000,  0.0)   (1.000,  0.0)   (1.000,  0.0)   


 Irrep GM_1- ,  dimension 1
      1               2               3               4         
(1.000,  0.0)   (1.000,  0.0)   (1.000,  0.0)   (1.000,  0.0)   

      5               6               7               8         
(1.000,  0.0)   (1.000,  0.0)   (1.000,  0.0)   (1.000,  0.0)   

      9              10              11              12         
(1.000,  0.0)   (1.000,  0.0)   (1.000,  0.0)   (1.000,  0.0)   

     13              14              15              16         
(1.000,180.0)   (1.000,180.0)   (1.000,180.0)   (1.000,180.0)   

     17              18              19              20         
(1.000,180.0)   (1.000,180.0)   (1.000,180.0)   (1.000,180.0)   

     21              22              23              24         
(1.000,180.0)   (1.000,180.0)   (1.000,180.0)   (1.000,180.0)   


 Irrep GM_2+ ,  dimension 1
      1               2               3               4         
(1.000,  0.0)   (1.000,  0.0)   (1.000,  0.0)   (1.000,  0.0)   

      5               6               7               8         
(1.000,  0.0)   (1.000,  0.0)   (1.000,180.0)   (1.000,180.0)   

      9              10              11              12         
(1.000,180.0)   (1.000,180.0)   (1.000,180.0)   (1.000,180.0)   

     13              14              15              16         
(1.000,  0.0)   (1.000,  0.0)   (1.000,  0.0)   (1.000,  0.0)   

     17              18              19              20         
(1.000,  0.0)   (1.000,  0.0)   (1.000,180.0)   (1.000,180.0)   

     21              22              23              24         
(1.000,180.0)   (1.000,180.0)   (1.000,180.0)   (1.000,180.0)   


 Irrep GM_2- ,  dimension 1
      1               2               3               4         
(1.000,  0.0)   (1.000,  0.0)   (1.000,  0.0)   (1.000,  0.0)   

      5               6               7               8         
(1.000,  0.0)   (1.000,  0.0)   (1.000,180.0)   (1.000,180.0)   

      9              10              11              12         
(1.000,180.0)   (1.000,180.0)   (1.000,180.0)   (1.000,180.0)   

     13              14              15              16         
(1.000,180.0)   (1.000,180.0)   (1.000,180.0)   (1.000,180.0)   

     17              18              19              20         
(1.000,180.0)   (1.000,180.0)   (1.000,  0.0)   (1.000,  0.0)   

     21              22              23              24         
(1.000,  0.0)   (1.000,  0.0)   (1.000,  0.0)   (1.000,  0.0)   


 Irrep GM_3+ ,  dimension 1
      1               2               3               4         
(1.000,  0.0)   (1.000,  0.0)   (1.000,  0.0)   (1.000,180.0)   

      5               6               7               8         
(1.000,180.0)   (1.000,180.0)   (1.000,  0.0)   (1.000,  0.0)   

      9              10              11              12         
(1.000,  0.0)   (1.000,180.0)   (1.000,180.0)   (1.000,180.0)   

     13              14              15              16         
(1.000,  0.0)   (1.000,  0.0)   (1.000,  0.0)   (1.000,180.0)   

     17              18              19              20         
(1.000,180.0)   (1.000,180.0)   (1.000,  0.0)   (1.000,  0.0)   

     21              22              23              24         
(1.000,  0.0)   (1.000,180.0)   (1.000,180.0)   (1.000,180.0)   


 Irrep GM_3- ,  dimension 1
      1               2               3               4         
(1.000,  0.0)   (1.000,  0.0)   (1.000,  0.0)   (1.000,180.0)   

      5               6               7               8         
(1.000,180.0)   (1.000,180.0)   (1.000,  0.0)   (1.000,  0.0)   

      9              10              11              12         
(1.000,  0.0)   (1.000,180.0)   (1.000,180.0)   (1.000,180.0)   

     13              14              15              16         
(1.000,180.0)   (1.000,180.0)   (1.000,180.0)   (1.000,  0.0)   

     17              18              19              20         
(1.000,  0.0)   (1.000,  0.0)   (1.000,180.0)   (1.000,180.0)   

     21              22              23              24         
(1.000,180.0)   (1.000,  0.0)   (1.000,  0.0)   (1.000,  0.0)   


 Irrep GM_4+ ,  dimension 1
      1               2               3               4         
(1.000,  0.0)   (1.000,  0.0)   (1.000,  0.0)   (1.000,180.0)   

      5               6               7               8         
(1.000,180.0)   (1.000,180.0)   (1.000,180.0)   (1.000,180.0)   

      9              10              11              12         
(1.000,180.0)   (1.000,  0.0)   (1.000,  0.0)   (1.000,  0.0)   

     13              14              15              16         
(1.000,  0.0)   (1.000,  0.0)   (1.000,  0.0)   (1.000,180.0)   

     17              18              19              20         
(1.000,180.0)   (1.000,180.0)   (1.000,180.0)   (1.000,180.0)   

     21              22              23              24         
(1.000,180.0)   (1.000,  0.0)   (1.000,  0.0)   (1.000,  0.0)   


 Irrep GM_4- ,  dimension 1
      1               2               3               4         
(1.000,  0.0)   (1.000,  0.0)   (1.000,  0.0)   (1.000,180.0)   

      5               6               7               8         
(1.000,180.0)   (1.000,180.0)   (1.000,180.0)   (1.000,180.0)   

      9              10              11              12         
(1.000,180.0)   (1.000,  0.0)   (1.000,  0.0)   (1.000,  0.0)   

     13              14              15              16         
(1.000,180.0)   (1.000,180.0)   (1.000,180.0)   (1.000,  0.0)   

     17              18              19              20         
(1.000,  0.0)   (1.000,  0.0)   (1.000,  0.0)   (1.000,  0.0)   

     21              22              23              24         
(1.000,  0.0)   (1.000,180.0)   (1.000,180.0)   (1.000,180.0)   


 Irrep GM_5+ ,  dimension 2
             1                             2                
(1.000,  0.0) (0.000,  0.0)   (1.000,120.0) (0.000,  0.0)   
(0.000,  0.0) (1.000,  0.0)   (0.000,  0.0) (1.000,240.0)   

             3                             4                
(1.000,240.0) (0.000,  0.0)   (1.000,  0.0) (0.000,  0.0)   
(0.000,  0.0) (1.000,120.0)   (0.000,  0.0) (1.000,  0.0)   

             5                             6                
(1.000,120.0) (0.000,  0.0)   (1.000,240.0) (0.000,  0.0)   
(0.000,  0.0) (1.000,240.0)   (0.000,  0.0) (1.000,120.0)   

             7                             8                
(0.000,  0.0) (1.000,  0.0)   (0.000,  0.0) (1.000,240.0)   
(1.000,  0.0) (0.000,  0.0)   (1.000,120.0) (0.000,  0.0)   

             9                            10                
(0.000,  0.0) (1.000,120.0)   (0.000,  0.0) (1.000,  0.0)   
(1.000,240.0) (0.000,  0.0)   (1.000,  0.0) (0.000,  0.0)   

            11                            12                
(0.000,  0.0) (1.000,240.0)   (0.000,  0.0) (1.000,120.0)   
(1.000,120.0) (0.000,  0.0)   (1.000,240.0) (0.000,  0.0)   

            13                            14                
(1.000,  0.0) (0.000,  0.0)   (1.000,120.0) (0.000,  0.0)   
(0.000,  0.0) (1.000,  0.0)   (0.000,  0.0) (1.000,240.0)   

            15                            16                
(1.000,240.0) (0.000,  0.0)   (1.000,  0.0) (0.000,  0.0)   
(0.000,  0.0) (1.000,120.0)   (0.000,  0.0) (1.000,  0.0)   

            17                            18                
(1.000,120.0) (0.000,  0.0)   (1.000,240.0) (0.000,  0.0)   
(0.000,  0.0) (1.000,240.0)   (0.000,  0.0) (1.000,120.0)   

            19                            20                
(0.000,  0.0) (1.000,  0.0)   (0.000,  0.0) (1.000,240.0)   
(1.000,  0.0) (0.000,  0.0)   (1.000,120.0) (0.000,  0.0)   

            21                            22                
(0.000,  0.0) (1.000,120.0)   (0.000,  0.0) (1.000,  0.0)   
(1.000,240.0) (0.000,  0.0)   (1.000,  0.0) (0.000,  0.0)   

            23                            24                
(0.000,  0.0) (1.000,240.0)   (0.000,  0.0) (1.000,120.0)   
(1.000,120.0) (0.000,  0.0)   (1.000,240.0) (0.000,  0.0)   


 Irrep GM_5- ,  dimension 2
             1                             2                
(1.000,  0.0) (0.000,  0.0)   (1.000,120.0) (0.000,  0.0)   
(0.000,  0.0) (1.000,  0.0)   (0.000,  0.0) (1.000,240.0)   

             3                             4                
(1.000,240.0) (0.000,  0.0)   (1.000,  0.0) (0.000,  0.0)   
(0.000,  0.0) (1.000,120.0)   (0.000,  0.0) (1.000,  0.0)   

             5                             6                
(1.000,120.0) (0.000,  0.0)   (1.000,240.0) (0.000,  0.0)   
(0.000,  0.0) (1.000,240.0)   (0.000,  0.0) (1.000,120.0)   

             7                             8                
(0.000,  0.0) (1.000,  0.0)   (0.000,  0.0) (1.000,240.0)   
(1.000,  0.0) (0.000,  0.0)   (1.000,120.0) (0.000,  0.0)   

             9                            10                
(0.000,  0.0) (1.000,120.0)   (0.000,  0.0) (1.000,  0.0)   
(1.000,240.0) (0.000,  0.0)   (1.000,  0.0) (0.000,  0.0)   

            11                            12                
(0.000,  0.0) (1.000,240.0)   (0.000,  0.0) (1.000,120.0)   
(1.000,120.0) (0.000,  0.0)   (1.000,240.0) (0.000,  0.0)   

            13                            14                
(1.000,180.0) (0.000,  0.0)   (1.000,300.0) (0.000,  0.0)   
(0.000,  0.0) (1.000,180.0)   (0.000,  0.0) (1.000, 60.0)   

            15                            16                
(1.000, 60.0) (0.000,  0.0)   (1.000,180.0) (0.000,  0.0)   
(0.000,  0.0) (1.000,300.0)   (0.000,  0.0) (1.000,180.0)   

            17                            18                
(1.000,300.0) (0.000,  0.0)   (1.000, 60.0) (0.000,  0.0)   
(0.000,  0.0) (1.000, 60.0)   (0.000,  0.0) (1.000,300.0)   

            19                            20                
(0.000,  0.0) (1.000,180.0)   (0.000,  0.0) (1.000, 60.0)   
(1.000,180.0) (0.000,  0.0)   (1.000,300.0) (0.000,  0.0)   

            21                            22                
(0.000,  0.0) (1.000,300.0)   (0.000,  0.0) (1.000,180.0)   
(1.000, 60.0) (0.000,  0.0)   (1.000,180.0) (0.000,  0.0)   

            23                            24                
(0.000,  0.0) (1.000, 60.0)   (0.000,  0.0) (1.000,300.0)   
(1.000,300.0) (0.000,  0.0)   (1.000, 60.0) (0.000,  0.0)   


 Irrep GM_6+ ,  dimension 2
             1                             2                
(1.000,  0.0) (0.000,  0.0)   (1.000,120.0) (0.000,  0.0)   
(0.000,  0.0) (1.000,  0.0)   (0.000,  0.0) (1.000,240.0)   

             3                             4                
(1.000,240.0) (0.000,  0.0)   (1.000,180.0) (0.000,  0.0)   
(0.000,  0.0) (1.000,120.0)   (0.000,  0.0) (1.000,180.0)   

             5                             6                
(1.000,300.0) (0.000,  0.0)   (1.000, 60.0) (0.000,  0.0)   
(0.000,  0.0) (1.000, 60.0)   (0.000,  0.0) (1.000,300.0)   

             7                             8                
(0.000,  0.0) (1.000,  0.0)   (0.000,  0.0) (1.000,240.0)   
(1.000,  0.0) (0.000,  0.0)   (1.000,120.0) (0.000,  0.0)   

             9                            10                
(0.000,  0.0) (1.000,120.0)   (0.000,  0.0) (1.000,180.0)   
(1.000,240.0) (0.000,  0.0)   (1.000,180.0) (0.000,  0.0)   

            11                            12                
(0.000,  0.0) (1.000, 60.0)   (0.000,  0.0) (1.000,300.0)   
(1.000,300.0) (0.000,  0.0)   (1.000, 60.0) (0.000,  0.0)   

            13                            14                
(1.000,  0.0) (0.000,  0.0)   (1.000,120.0) (0.000,  0.0)   
(0.000,  0.0) (1.000,  0.0)   (0.000,  0.0) (1.000,240.0)   

            15                            16                
(1.000,240.0) (0.000,  0.0)   (1.000,180.0) (0.000,  0.0)   
(0.000,  0.0) (1.000,120.0)   (0.000,  0.0) (1.000,180.0)   

            17                            18                
(1.000,300.0) (0.000,  0.0)   (1.000, 60.0) (0.000,  0.0)   
(0.000,  0.0) (1.000, 60.0)   (0.000,  0.0) (1.000,300.0)   

            19                            20                
(0.000,  0.0) (1.000,  0.0)   (0.000,  0.0) (1.000,240.0)   
(1.000,  0.0) (0.000,  0.0)   (1.000,120.0) (0.000,  0.0)   

            21                            22                
(0.000,  0.0) (1.000,120.0)   (0.000,  0.0) (1.000,180.0)   
(1.000,240.0) (0.000,  0.0)   (1.000,180.0) (0.000,  0.0)   

            23                            24                
(0.000,  0.0) (1.000, 60.0)   (0.000,  0.0) (1.000,300.0)   
(1.000,300.0) (0.000,  0.0)   (1.000, 60.0) (0.000,  0.0)   


 Irrep GM_6- ,  dimension 2
             1                             2                
(1.000,  0.0) (0.000,  0.0)   (1.000,120.0) (0.000,  0.0)   
(0.000,  0.0) (1.000,  0.0)   (0.000,  0.0) (1.000,240.0)   

             3                             4                
(1.000,240.0) (0.000,  0.0)   (1.000,180.0) (0.000,  0.0)   
(0.000,  0.0) (1.000,120.0)   (0.000,  0.0) (1.000,180.0)   

             5                             6                
(1.000,300.0) (0.000,  0.0)   (1.000, 60.0) (0.000,  0.0)   
(0.000,  0.0) (1.000, 60.0)   (0.000,  0.0) (1.000,300.0)   

             7                             8                
(0.000,  0.0) (1.000,  0.0)   (0.000,  0.0) (1.000,240.0)   
(1.000,  0.0) (0.000,  0.0)   (1.000,120.0) (0.000,  0.0)   

             9                            10                
(0.000,  0.0) (1.000,120.0)   (0.000,  0.0) (1.000,180.0)   
(1.000,240.0) (0.000,  0.0)   (1.000,180.0) (0.000,  0.0)   

            11                            12                
(0.000,  0.0) (1.000, 60.0)   (0.000,  0.0) (1.000,300.0)   
(1.000,300.0) (0.000,  0.0)   (1.000, 60.0) (0.000,  0.0)   

            13                            14                
(1.000,180.0) (0.000,  0.0)   (1.000,300.0) (0.000,  0.0)   
(0.000,  0.0) (1.000,180.0)   (0.000,  0.0) (1.000, 60.0)   

            15                            16                
(1.000, 60.0) (0.000,  0.0)   (1.000,  0.0) (0.000,  0.0)   
(0.000,  0.0) (1.000,300.0)   (0.000,  0.0) (1.000,  0.0)   

            17                            18                
(1.000,120.0) (0.000,  0.0)   (1.000,240.0) (0.000,  0.0)   
(0.000,  0.0) (1.000,240.0)   (0.000,  0.0) (1.000,120.0)   

            19                            20                
(0.000,  0.0) (1.000,180.0)   (0.000,  0.0) (1.000, 60.0)   
(1.000,180.0) (0.000,  0.0)   (1.000,300.0) (0.000,  0.0)   

            21                            22                
(0.000,  0.0) (1.000,300.0)   (0.000,  0.0) (1.000,  0.0)   
(1.000, 60.0) (0.000,  0.0)   (1.000,  0.0) (0.000,  0.0)   

            23                            24                
(0.000,  0.0) (1.000,240.0)   (0.000,  0.0) (1.000,120.0)   
(1.000,120.0) (0.000,  0.0)   (1.000,240.0) (0.000,  0.0)   


General position characters:
Gen Pos:      1             2             3             4             5             6             7             8             9             10             11             12             13             14             15             16             17             18             19             20             21             22             23             24             
GM_1+      (1.000,  0.0) (1.000,  0.0) (1.000,  0.0) (1.000,  0.0) (1.000,  0.0) (1.000,  0.0) (1.000,  0.0) (1.000,  0.0) (1.000,  0.0) (1.000,  0.0) (1.000,  0.0) (1.000,  0.0) (1.000,  0.0) (1.000,  0.0) (1.000,  0.0) (1.000,  0.0) (1.000,  0.0) (1.000,  0.0) (1.000,  0.0) (1.000,  0.0) (1.000,  0.0) (1.000,  0.0) (1.000,  0.0) (1.000,  0.0) 
GM_1-      (1.000,  0.0) (1.000,  0.0) (1.000,  0.0) (1.000,  0.0) (1.000,  0.0) (1.000,  0.0) (1.000,  0.0) (1.000,  0.0) (1.000,  0.0) (1.000,  0.0) (1.000,  0.0) (1.000,  0.0) (1.000,180.0) (1.000,180.0) (1.000,180.0) (1.000,180.0) (1.000,180.0) (1.000,180.0) (1.000,180.0) (1.000,180.0) (1.000,180.0) (1.000,180.0) (1.000,180.0) (1.000,180.0) 
GM_2+      (1.000,  0.0) (1.000,  0.0) (1.000,  0.0) (1.000,  0.0) (1.000,  0.0) (1.000,  0.0) (1.000,180.0) (1.000,180.0) (1.000,180.0) (1.000,180.0) (1.000,180.0) (1.000,180.0) (1.000,  0.0) (1.000,  0.0) (1.000,  0.0) (1.000,  0.0) (1.000,  0.0) (1.000,  0.0) (1.000,180.0) (1.000,180.0) (1.000,180.0) (1.000,180.0) (1.000,180.0) (1.000,180.0) 
GM_2-      (1.000,  0.0) (1.000,  0.0) (1.000,  0.0) (1.000,  0.0) (1.000,  0.0) (1.000,  0.0) (1.000,180.0) (1.000,180.0) (1.000,180.0) (1.000,180.0) (1.000,180.0) (1.000,180.0) (1.000,180.0) (1.000,180.0) (1.000,180.0) (1.000,180.0) (1.000,180.0) (1.000,180.0) (1.000,  0.0) (1.000,  0.0) (1.000,  0.0) (1.000,  0.0) (1.000,  0.0) (1.000,  0.0) 
GM_3+      (1.000,  0.0) (1.000,  0.0) (1.000,  0.0) (1.000,180.0) (1.000,180.0) (1.000,180.0) (1.000,  0.0) (1.000,  0.0) (1.000,  0.0) (1.000,180.0) (1.000,180.0) (1.000,180.0) (1.000,  0.0) (1.000,  0.0) (1.000,  0.0) (1.000,180.0) (1.000,180.0) (1.000,180.0) (1.000,  0.0) (1.000,  0.0) (1.000,  0.0) (1.000,180.0) (1.000,180.0) (1.000,180.0) 
GM_3-      (1.000,  0.0) (1.000,  0.0) (1.000,  0.0) (1.000,180.0) (1.000,180.0) (1.000,180.0) (1.000,  0.0) (1.000,  0.0) (1.000,  0.0) (1.000,180.0) (1.000,180.0) (1.000,180.0) (1.000,180.0) (1.000,180.0) (1.000,180.0) (1.000,  0.0) (1.000,  0.0) (1.000,  0.0) (1.000,180.0) (1.000,180.0) (1.000,180.0) (1.000,  0.0) (1.000,  0.0) (1.000,  0.0) 
GM_4+      (1.000,  0.0) (1.000,  0.0) (1.000,  0.0) (1.000,180.0) (1.000,180.0) (1.000,180.0) (1.000,180.0) (1.000,180.0) (1.000,180.0) (1.000,  0.0) (1.000,  0.0) (1.000,  0.0) (1.000,  0.0) (1.000,  0.0) (1.000,  0.0) (1.000,180.0) (1.000,180.0) (1.000,180.0) (1.000,180.0) (1.000,180.0) (1.000,180.0) (1.000,  0.0) (1.000,  0.0) (1.000,  0.0) 
GM_4-      (1.000,  0.0) (1.000,  0.0) (1.000,  0.0) (1.000,180.0) (1.000,180.0) (1.000,180.0) (1.000,180.0) (1.000,180.0) (1.000,180.0) (1.000,  0.0) (1.000,  0.0) (1.000,  0.0) (1.000,180.0) (1.000,180.0) (1.000,180.0) (1.000,  0.0) (1.000,  0.0) (1.000,  0.0) (1.000,  0.0) (1.000,  0.0) (1.000,  0.0) (1.000,180.0) (1.000,180.0) (1.000,180.0) 
GM_5+      (2.000,  0.0) (1.000,180.0) (1.000,180.0) (2.000,  0.0) (1.000,180.0) (1.000,180.0) (0.000,  0.0) (0.000,  0.0) (0.000,  0.0) (0.000,  0.0) (0.000,  0.0) (0.000,  0.0) (2.000,  0.0) (1.000,180.0) (1.000,180.0) (2.000,  0.0) (1.000,180.0) (1.000,180.0) (0.000,  0.0) (0.000,  0.0) (0.000,  0.0) (0.000,  0.0) (0.000,  0.0) (0.000,  0.0) 
GM_5-      (2.000,  0.0) (1.000,180.0) (1.000,180.0) (2.000,  0.0) (1.000,180.0) (1.000,180.0) (0.000,  0.0) (0.000,  0.0) (0.000,  0.0) (0.000,  0.0) (0.000,  0.0) (0.000,  0.0) (2.000,180.0) (1.000,  0.0) (1.000,  0.0) (2.000,180.0) (1.000,  0.0) (1.000,  0.0) (0.000,  0.0) (0.000,  0.0) (0.000,  0.0) (0.000,  0.0) (0.000,  0.0) (0.000,  0.0) 
GM_6+      (2.000,  0.0) (1.000,180.0) (1.000,180.0) (2.000,180.0) (1.000,  0.0) (1.000,  0.0) (0.000,  0.0) (0.000,  0.0) (0.000,  0.0) (0.000,  0.0) (0.000,  0.0) (0.000,  0.0) (2.000,  0.0) (1.000,180.0) (1.000,180.0) (2.000,180.0) (1.000,  0.0) (1.000,  0.0) (0.000,  0.0) (0.000,  0.0) (0.000,  0.0) (0.000,  0.0) (0.000,  0.0) (0.000,  0.0) 
GM_6-      (2.000,  0.0) (1.000,180.0) (1.000,180.0) (2.000,180.0) (1.000,  0.0) (1.000,  0.0) (0.000,  0.0) (0.000,  0.0) (0.000,  0.0) (0.000,  0.0) (0.000,  0.0) (0.000,  0.0) (2.000,180.0) (1.000,  0.0) (1.000,  0.0) (2.000,  0.0) (1.000,180.0) (1.000,180.0) (0.000,  0.0) (0.000,  0.0) (0.000,  0.0) (0.000,  0.0) (0.000,  0.0) (0.000,  0.0) 


Physically-irreducible representations:
  *GM_1+  *GM_1-  *GM_2+  *GM_2-  *GM_3+  *GM_3-  *GM_4+  *GM_4-  *GM_5+  *GM_5-  *GM_6+  *GM_6-