Space group number 50 , Pban
Lattice type : oP

Number of generators : 4

        1                  2                  3                  4          
  1  0  0     0     -1  0  0   1/2     -1  0  0   1/2     -1  0  0     0    
  0  1  0     0      0 -1  0   1/2      0  1  0     0      0 -1  0     0    
  0  0  1     0      0  0  1     0      0  0 -1     0      0  0 -1     0    


Number of elements : 8

        1                  2                  3                  4          
  1  0  0     0     -1  0  0   1/2     -1  0  0   1/2      1  0  0     0    
  0  1  0     0      0 -1  0   1/2      0  1  0     0      0 -1  0   1/2    
  0  0  1     0      0  0  1     0      0  0 -1     0      0  0 -1     0    

        5                  6                  7                  8          
 -1  0  0     0      1  0  0  -1/2      1  0  0  -1/2     -1  0  0     0    
  0 -1  0     0      0  1  0  -1/2      0 -1  0     0      0  1  0  -1/2    
  0  0 -1     0      0  0 -1     0      0  0  1     0      0  0  1     0    


k-vector 
  in primitive basis :                        0.000  0.000 -0.500
  in standard dual basis :                    0.000  0.000 -0.500
The user label for this k-vector is:          Z
The standard label for this k-vector is:      Z


The star of the k-vector has the following 1 arms :
  0.000  0.000 -0.500


The little group of the k-vector has the following 8
elements as translation coset representatives :

        1                  2                  3                  4          
  1  0  0     0     -1  0  0   1/2     -1  0  0   1/2      1  0  0     0    
  0  1  0     0      0 -1  0   1/2      0  1  0     0      0 -1  0   1/2    
  0  0  1     0      0  0  1     0      0  0 -1     0      0  0 -1     0    

        5                  6                  7                  8          
 -1  0  0     0      1  0  0  -1/2      1  0  0  -1/2     -1  0  0     0    
  0 -1  0     0      0  1  0  -1/2      0 -1  0     0      0  1  0  -1/2    
  0  0 -1     0      0  0 -1     0      0  0  1     0      0  0  1     0    


The space group has the following 1 elements as
coset representatives relative to the little group :

        1          
  1  0  0     0    
  0  1  0     0    
  0  0  1     0    


The little group of the k-vector has  8  allowed irreps.
The matrices, corresponding to all of the little group elements are :

 Irrep Z_1+ ,  dimension 1
      1               2               3               4         
(1.000,  0.0)   (1.000,  0.0)   (1.000,  0.0)   (1.000,  0.0)   

      5               6               7               8         
(1.000,  0.0)   (1.000,  0.0)   (1.000,  0.0)   (1.000,  0.0)   


 Irrep Z_1- ,  dimension 1
      1               2               3               4         
(1.000,  0.0)   (1.000,  0.0)   (1.000,  0.0)   (1.000,  0.0)   

      5               6               7               8         
(1.000,180.0)   (1.000,180.0)   (1.000,180.0)   (1.000,180.0)   


 Irrep Z_2+ ,  dimension 1
      1               2               3               4         
(1.000,  0.0)   (1.000,  0.0)   (1.000,180.0)   (1.000,180.0)   

      5               6               7               8         
(1.000,  0.0)   (1.000,  0.0)   (1.000,180.0)   (1.000,180.0)   


 Irrep Z_2- ,  dimension 1
      1               2               3               4         
(1.000,  0.0)   (1.000,  0.0)   (1.000,180.0)   (1.000,180.0)   

      5               6               7               8         
(1.000,180.0)   (1.000,180.0)   (1.000,  0.0)   (1.000,  0.0)   


 Irrep Z_4+ ,  dimension 1
      1               2               3               4         
(1.000,  0.0)   (1.000,180.0)   (1.000,  0.0)   (1.000,180.0)   

      5               6               7               8         
(1.000,  0.0)   (1.000,180.0)   (1.000,  0.0)   (1.000,180.0)   


 Irrep Z_4- ,  dimension 1
      1               2               3               4         
(1.000,  0.0)   (1.000,180.0)   (1.000,  0.0)   (1.000,180.0)   

      5               6               7               8         
(1.000,180.0)   (1.000,  0.0)   (1.000,180.0)   (1.000,  0.0)   


 Irrep Z_3+ ,  dimension 1
      1               2               3               4         
(1.000,  0.0)   (1.000,180.0)   (1.000,180.0)   (1.000,  0.0)   

      5               6               7               8         
(1.000,  0.0)   (1.000,180.0)   (1.000,180.0)   (1.000,  0.0)   


 Irrep Z_3- ,  dimension 1
      1               2               3               4         
(1.000,  0.0)   (1.000,180.0)   (1.000,180.0)   (1.000,  0.0)   

      5               6               7               8         
(1.000,180.0)   (1.000,  0.0)   (1.000,  0.0)   (1.000,180.0)   


General position characters:
Gen Pos:      1             2             3             4             5             6             7             8             
Z_1+      (1.000,  0.0) (1.000,  0.0) (1.000,  0.0) (1.000,  0.0) (1.000,  0.0) (1.000,  0.0) (1.000,  0.0) (1.000,  0.0) 
Z_1-      (1.000,  0.0) (1.000,  0.0) (1.000,  0.0) (1.000,  0.0) (1.000,180.0) (1.000,180.0) (1.000,180.0) (1.000,180.0) 
Z_2+      (1.000,  0.0) (1.000,  0.0) (1.000,180.0) (1.000,180.0) (1.000,  0.0) (1.000,  0.0) (1.000,180.0) (1.000,180.0) 
Z_2-      (1.000,  0.0) (1.000,  0.0) (1.000,180.0) (1.000,180.0) (1.000,180.0) (1.000,180.0) (1.000,  0.0) (1.000,  0.0) 
Z_4+      (1.000,  0.0) (1.000,180.0) (1.000,  0.0) (1.000,180.0) (1.000,  0.0) (1.000,180.0) (1.000,  0.0) (1.000,180.0) 
Z_4-      (1.000,  0.0) (1.000,180.0) (1.000,  0.0) (1.000,180.0) (1.000,180.0) (1.000,  0.0) (1.000,180.0) (1.000,  0.0) 
Z_3+      (1.000,  0.0) (1.000,180.0) (1.000,180.0) (1.000,  0.0) (1.000,  0.0) (1.000,180.0) (1.000,180.0) (1.000,  0.0) 
Z_3-      (1.000,  0.0) (1.000,180.0) (1.000,180.0) (1.000,  0.0) (1.000,180.0) (1.000,  0.0) (1.000,  0.0) (1.000,180.0) 


Physically-irreducible representations:
  *Z_1+  *Z_1-  *Z_2+  *Z_2-  *Z_4+  *Z_4-  *Z_3+  *Z_3-