Space group number 184 , P6cc
Lattice type : hP

Number of generators : 4

        1                  2                  3                  4          
  1  0  0     0      0 -1  0     0     -1  0  0     0      0 -1  0     0    
  0  1  0     0      1 -1  0     0      0 -1  0     0     -1  0  0     0    
  0  0  1     0      0  0  1     0      0  0  1     0      0  0  1   1/2    


Number of elements : 12

        1                  2                  3                  4          
  1  0  0     0      0 -1  0     0     -1  1  0     0     -1  0  0     0    
  0  1  0     0      1 -1  0     0     -1  0  0     0      0 -1  0     0    
  0  0  1     0      0  0  1     0      0  0  1     0      0  0  1     0    

        5                  6                  7                  8          
  0  1  0     0      1 -1  0     0      0 -1  0     0     -1  1  0     0    
 -1  1  0     0      1  0  0     0     -1  0  0     0      0  1  0     0    
  0  0  1     0      0  0  1     0      0  0  1   1/2      0  0  1   1/2    

        9                 10                 11                 12          
  1  0  0     0      0  1  0     0      1 -1  0     0     -1  0  0     0    
  1 -1  0     0      1  0  0     0      0 -1  0     0     -1  1  0     0    
  0  0  1   1/2      0  0  1   1/2      0  0  1   1/2      0  0  1   1/2    


k-vector 
  in primitive basis :                        0.000  0.000 -0.500
  in standard dual basis :                    0.000  0.000 -0.500
The user label for this k-vector is:          DT
The standard label for this k-vector is:      DT


The star of the k-vector has the following 1 arms :
  0.000  0.000 -0.500


The little group of the k-vector has the following 12
elements as translation coset representatives :

        1                  2                  3                  4          
  1  0  0     0      0 -1  0     0     -1  1  0     0     -1  0  0     0    
  0  1  0     0      1 -1  0     0     -1  0  0     0      0 -1  0     0    
  0  0  1     0      0  0  1     0      0  0  1     0      0  0  1     0    

        5                  6                  7                  8          
  0  1  0     0      1 -1  0     0      0 -1  0     0     -1  1  0     0    
 -1  1  0     0      1  0  0     0     -1  0  0     0      0  1  0     0    
  0  0  1     0      0  0  1     0      0  0  1   1/2      0  0  1   1/2    

        9                 10                 11                 12          
  1  0  0     0      0  1  0     0      1 -1  0     0     -1  0  0     0    
  1 -1  0     0      1  0  0     0      0 -1  0     0     -1  1  0     0    
  0  0  1   1/2      0  0  1   1/2      0  0  1   1/2      0  0  1   1/2    


The space group has the following 1 elements as
coset representatives relative to the little group :

        1          
  1  0  0     0    
  0  1  0     0    
  0  0  1     0    


The little group of the k-vector has  6  allowed irreps.
The matrices, corresponding to all of the little group elements are :

 Irrep DT_2 ,  dimension 1
      1               2               3               4         
(1.000,  0.0)   (1.000,  0.0)   (1.000,  0.0)   (1.000,  0.0)   

      5               6               7               8         
(1.000,  0.0)   (1.000,  0.0)   (1.000, 90.0)   (1.000, 90.0)   

      9              10              11              12         
(1.000, 90.0)   (1.000, 90.0)   (1.000, 90.0)   (1.000, 90.0)   


 Irrep DT_1 ,  dimension 1
      1               2               3               4         
(1.000,  0.0)   (1.000,  0.0)   (1.000,  0.0)   (1.000,  0.0)   

      5               6               7               8         
(1.000,  0.0)   (1.000,  0.0)   (1.000,270.0)   (1.000,270.0)   

      9              10              11              12         
(1.000,270.0)   (1.000,270.0)   (1.000,270.0)   (1.000,270.0)   


 Irrep DT_3 ,  dimension 1
      1               2               3               4         
(1.000,  0.0)   (1.000,  0.0)   (1.000,  0.0)   (1.000,180.0)   

      5               6               7               8         
(1.000,180.0)   (1.000,180.0)   (1.000, 90.0)   (1.000, 90.0)   

      9              10              11              12         
(1.000, 90.0)   (1.000,270.0)   (1.000,270.0)   (1.000,270.0)   


 Irrep DT_4 ,  dimension 1
      1               2               3               4         
(1.000,  0.0)   (1.000,  0.0)   (1.000,  0.0)   (1.000,180.0)   

      5               6               7               8         
(1.000,180.0)   (1.000,180.0)   (1.000,270.0)   (1.000,270.0)   

      9              10              11              12         
(1.000,270.0)   (1.000, 90.0)   (1.000, 90.0)   (1.000, 90.0)   


 Irrep DT_5 ,  dimension 2
             1                             2                
(1.000,  0.0) (0.000,  0.0)   (1.000,120.0) (0.000,  0.0)   
(0.000,  0.0) (1.000,  0.0)   (0.000,  0.0) (1.000,240.0)   

             3                             4                
(1.000,240.0) (0.000,  0.0)   (1.000,  0.0) (0.000,  0.0)   
(0.000,  0.0) (1.000,120.0)   (0.000,  0.0) (1.000,  0.0)   

             5                             6                
(1.000,120.0) (0.000,  0.0)   (1.000,240.0) (0.000,  0.0)   
(0.000,  0.0) (1.000,240.0)   (0.000,  0.0) (1.000,120.0)   

             7                             8                
(0.000,  0.0) (1.000,180.0)   (0.000,  0.0) (1.000, 60.0)   
(1.000,  0.0) (0.000,  0.0)   (1.000,120.0) (0.000,  0.0)   

             9                            10                
(0.000,  0.0) (1.000,300.0)   (0.000,  0.0) (1.000,180.0)   
(1.000,240.0) (0.000,  0.0)   (1.000,  0.0) (0.000,  0.0)   

            11                            12                
(0.000,  0.0) (1.000, 60.0)   (0.000,  0.0) (1.000,300.0)   
(1.000,120.0) (0.000,  0.0)   (1.000,240.0) (0.000,  0.0)   


 Irrep DT_6 ,  dimension 2
             1                             2                
(1.000,  0.0) (0.000,  0.0)   (1.000,120.0) (0.000,  0.0)   
(0.000,  0.0) (1.000,  0.0)   (0.000,  0.0) (1.000,240.0)   

             3                             4                
(1.000,240.0) (0.000,  0.0)   (1.000,180.0) (0.000,  0.0)   
(0.000,  0.0) (1.000,120.0)   (0.000,  0.0) (1.000,180.0)   

             5                             6                
(1.000,300.0) (0.000,  0.0)   (1.000, 60.0) (0.000,  0.0)   
(0.000,  0.0) (1.000, 60.0)   (0.000,  0.0) (1.000,300.0)   

             7                             8                
(0.000,  0.0) (1.000,180.0)   (0.000,  0.0) (1.000, 60.0)   
(1.000,  0.0) (0.000,  0.0)   (1.000,120.0) (0.000,  0.0)   

             9                            10                
(0.000,  0.0) (1.000,300.0)   (0.000,  0.0) (1.000,  0.0)   
(1.000,240.0) (0.000,  0.0)   (1.000,180.0) (0.000,  0.0)   

            11                            12                
(0.000,  0.0) (1.000,240.0)   (0.000,  0.0) (1.000,120.0)   
(1.000,300.0) (0.000,  0.0)   (1.000, 60.0) (0.000,  0.0)   


General position characters:
Gen Pos:      1             2             3             4             5             6             7             8             9             10             11             12             
DT_2      (1.000,  0.0) (1.000,  0.0) (1.000,  0.0) (1.000,  0.0) (1.000,  0.0) (1.000,  0.0) (1.000, 90.0) (1.000, 90.0) (1.000, 90.0) (1.000, 90.0) (1.000, 90.0) (1.000, 90.0) 
DT_1      (1.000,  0.0) (1.000,  0.0) (1.000,  0.0) (1.000,  0.0) (1.000,  0.0) (1.000,  0.0) (1.000,270.0) (1.000,270.0) (1.000,270.0) (1.000,270.0) (1.000,270.0) (1.000,270.0) 
DT_3      (1.000,  0.0) (1.000,  0.0) (1.000,  0.0) (1.000,180.0) (1.000,180.0) (1.000,180.0) (1.000, 90.0) (1.000, 90.0) (1.000, 90.0) (1.000,270.0) (1.000,270.0) (1.000,270.0) 
DT_4      (1.000,  0.0) (1.000,  0.0) (1.000,  0.0) (1.000,180.0) (1.000,180.0) (1.000,180.0) (1.000,270.0) (1.000,270.0) (1.000,270.0) (1.000, 90.0) (1.000, 90.0) (1.000, 90.0) 
DT_5      (2.000,  0.0) (1.000,180.0) (1.000,180.0) (2.000,  0.0) (1.000,180.0) (1.000,180.0) (0.000,  0.0) (0.000,  0.0) (0.000,  0.0) (0.000,  0.0) (0.000,  0.0) (0.000,  0.0) 
DT_6      (2.000,  0.0) (1.000,180.0) (1.000,180.0) (2.000,180.0) (1.000,  0.0) (1.000,  0.0) (0.000,  0.0) (0.000,  0.0) (0.000,  0.0) (0.000,  0.0) (0.000,  0.0) (0.000,  0.0) 


Physically-irreducible representations:
  *DT_2+*DT_1  *DT_3+*DT_4  *DT_5+*DT_5  *DT_6+*DT_6