Space group number 208 , P4_232
Lattice type : cP

Number of generators : 5

        1                  2                  3                  4          
  1  0  0     0     -1  0  0     0     -1  0  0     0      0  0  1     0    
  0  1  0     0      0 -1  0     0      0  1  0     0      1  0  0     0    
  0  0  1     0      0  0  1     0      0  0 -1     0      0  1  0     0    

        5          
  0  1  0   1/2    
  1  0  0   1/2    
  0  0 -1   1/2    


Number of elements : 24

        1                  2                  3                  4          
  1  0  0     0     -1  0  0     0     -1  0  0     0      1  0  0     0    
  0  1  0     0      0 -1  0     0      0  1  0     0      0 -1  0     0    
  0  0  1     0      0  0  1     0      0  0 -1     0      0  0 -1     0    

        5                  6                  7                  8          
  0  0  1     0      0  0  1     0      0  0 -1     0      0  0 -1     0    
  1  0  0     0     -1  0  0     0     -1  0  0     0      1  0  0     0    
  0  1  0     0      0 -1  0     0      0  1  0     0      0 -1  0     0    

        9                 10                 11                 12          
  0  1  0     0      0 -1  0     0      0  1  0     0      0 -1  0     0    
  0  0  1     0      0  0  1     0      0  0 -1     0      0  0 -1     0    
  1  0  0     0     -1  0  0     0     -1  0  0     0      1  0  0     0    

       13                 14                 15                 16          
  0  1  0   1/2      0 -1  0   1/2      0  1  0   1/2      0 -1  0   1/2    
  1  0  0   1/2     -1  0  0   1/2     -1  0  0   1/2      1  0  0   1/2    
  0  0 -1   1/2      0  0 -1   1/2      0  0  1   1/2      0  0  1   1/2    

       17                 18                 19                 20          
  1  0  0   1/2     -1  0  0   1/2     -1  0  0   1/2      1  0  0   1/2    
  0  0  1   1/2      0  0  1   1/2      0  0 -1   1/2      0  0 -1   1/2    
  0 -1  0   1/2      0  1  0   1/2      0 -1  0   1/2      0  1  0   1/2    

       21                 22                 23                 24          
  0  0  1   1/2      0  0  1   1/2      0  0 -1   1/2      0  0 -1   1/2    
  0  1  0   1/2      0 -1  0   1/2      0  1  0   1/2      0 -1  0   1/2    
 -1  0  0   1/2      1  0  0   1/2      1  0  0   1/2     -1  0  0   1/2    


k-vector 
  in primitive basis :                       -0.500 -0.500  0.000
  in standard dual basis :                   -0.500 -0.500  0.000
The user label for this k-vector is:          M
The standard label for this k-vector is:      M


The star of the k-vector has the following 3 arms :
 -0.500 -0.500  0.000
 -0.500  0.000 -0.500
  0.000 -0.500 -0.500


The little group of the k-vector has the following 8
elements as translation coset representatives :

        1                  2                  3                  4          
  1  0  0     0     -1  0  0     0      0  1  0   1/2      0 -1  0   1/2    
  0  1  0     0      0 -1  0     0     -1  0  0   1/2      1  0  0   1/2    
  0  0  1     0      0  0  1     0      0  0  1   1/2      0  0  1   1/2    

        5                  6                  7                  8          
 -1  0  0     0      1  0  0     0      0 -1  0  -1/2      0  1  0  -1/2    
  0  1  0     0      0 -1  0     0     -1  0  0   1/2      1  0  0   1/2    
  0  0 -1     0      0  0 -1     0      0  0 -1  -1/2      0  0 -1  -1/2    


The space group has the following 3 elements as
coset representatives relative to the little group :

        1                  2                  3          
  1  0  0     0      0  0  1     0      0  1  0     0    
  0  1  0     0      1  0  0     0      0  0  1     0    
  0  0  1     0      0  1  0     0      1  0  0     0    


The little group of the k-vector has  5  allowed irreps.
The matrices, corresponding to all of the little group elements are :

 Irrep M_5 ,  dimension 2
             1                             2                
(1.000,  0.0) (0.000,  0.0)   (1.000,  0.0) (0.000,  0.0)   
(0.000,  0.0) (1.000,  0.0)   (0.000,  0.0) (1.000,  0.0)   

             3                             4                
(1.000, 90.0) (0.000,  0.0)   (1.000, 90.0) (0.000,  0.0)   
(0.000,  0.0) (1.000,270.0)   (0.000,  0.0) (1.000,270.0)   

             5                             6                
(0.000,  0.0) (1.000,  0.0)   (0.000,  0.0) (1.000,  0.0)   
(1.000,  0.0) (0.000,  0.0)   (1.000,  0.0) (0.000,  0.0)   

             7                             8                
(0.000,  0.0) (1.000,270.0)   (0.000,  0.0) (1.000,270.0)   
(1.000, 90.0) (0.000,  0.0)   (1.000, 90.0) (0.000,  0.0)   


 Irrep M_3 ,  dimension 1
      1               2               3               4         
(1.000,  0.0)   (1.000,180.0)   (1.000,180.0)   (1.000,  0.0)   

      5               6               7               8         
(1.000,  0.0)   (1.000,180.0)   (1.000,180.0)   (1.000,  0.0)   


 Irrep M_1 ,  dimension 1
      1               2               3               4         
(1.000,  0.0)   (1.000,180.0)   (1.000,180.0)   (1.000,  0.0)   

      5               6               7               8         
(1.000,180.0)   (1.000,  0.0)   (1.000,  0.0)   (1.000,180.0)   


 Irrep M_4 ,  dimension 1
      1               2               3               4         
(1.000,  0.0)   (1.000,180.0)   (1.000,  0.0)   (1.000,180.0)   

      5               6               7               8         
(1.000,  0.0)   (1.000,180.0)   (1.000,  0.0)   (1.000,180.0)   


 Irrep M_2 ,  dimension 1
      1               2               3               4         
(1.000,  0.0)   (1.000,180.0)   (1.000,  0.0)   (1.000,180.0)   

      5               6               7               8         
(1.000,180.0)   (1.000,  0.0)   (1.000,180.0)   (1.000,  0.0)   


General position characters:
Gen Pos:      1             2             3             4             5             6             7             8             9             10             11             12             13             14             15             16             17             18             19             20             21             22             23             24             
M_5      (6.000,  0.0) (2.000,  0.0) (2.000,  0.0) (2.000,  0.0) (0.000,  0.0) (0.000,  0.0) (0.000,  0.0) (0.000,  0.0) (0.000,  0.0) (0.000,  0.0) (0.000,  0.0) (0.000,  0.0) (0.000,  0.0) (0.000,  0.0) (0.000,  0.0) (0.000,  0.0) (0.000,  0.0) (0.000,  0.0) (0.000,  0.0) (0.000,  0.0) (0.000,  0.0) (0.000,  0.0) (0.000,  0.0) (0.000,  0.0) 
M_3      (3.000,  0.0) (1.000,180.0) (1.000,180.0) (1.000,180.0) (0.000,  0.0) (0.000,  0.0) (0.000,  0.0) (0.000,  0.0) (0.000,  0.0) (0.000,  0.0) (0.000,  0.0) (0.000,  0.0) (1.000,180.0) (1.000,  0.0) (1.000,180.0) (1.000,  0.0) (1.000,180.0) (1.000,180.0) (1.000,  0.0) (1.000,  0.0) (1.000,  0.0) (1.000,180.0) (1.000,180.0) (1.000,  0.0) 
M_1      (3.000,  0.0) (1.000,180.0) (1.000,180.0) (1.000,180.0) (0.000,  0.0) (0.000,  0.0) (0.000,  0.0) (0.000,  0.0) (0.000,  0.0) (0.000,  0.0) (0.000,  0.0) (0.000,  0.0) (1.000,  0.0) (1.000,180.0) (1.000,180.0) (1.000,  0.0) (1.000,180.0) (1.000,  0.0) (1.000,180.0) (1.000,  0.0) (1.000,  0.0) (1.000,  0.0) (1.000,180.0) (1.000,180.0) 
M_4      (3.000,  0.0) (1.000,180.0) (1.000,180.0) (1.000,180.0) (0.000,  0.0) (0.000,  0.0) (0.000,  0.0) (0.000,  0.0) (0.000,  0.0) (0.000,  0.0) (0.000,  0.0) (0.000,  0.0) (1.000,  0.0) (1.000,180.0) (1.000,  0.0) (1.000,180.0) (1.000,  0.0) (1.000,  0.0) (1.000,180.0) (1.000,180.0) (1.000,180.0) (1.000,  0.0) (1.000,  0.0) (1.000,180.0) 
M_2      (3.000,  0.0) (1.000,180.0) (1.000,180.0) (1.000,180.0) (0.000,  0.0) (0.000,  0.0) (0.000,  0.0) (0.000,  0.0) (0.000,  0.0) (0.000,  0.0) (0.000,  0.0) (0.000,  0.0) (1.000,180.0) (1.000,  0.0) (1.000,  0.0) (1.000,180.0) (1.000,  0.0) (1.000,180.0) (1.000,  0.0) (1.000,180.0) (1.000,180.0) (1.000,180.0) (1.000,  0.0) (1.000,  0.0) 


Physically-irreducible representations:
  *M_5  *M_3  *M_1  *M_4  *M_2