Space group number 175 , P6/m
Lattice type : hP

Number of generators : 4

        1                  2                  3                  4          
  1  0  0     0      0 -1  0     0     -1  0  0     0     -1  0  0     0    
  0  1  0     0      1 -1  0     0      0 -1  0     0      0 -1  0     0    
  0  0  1     0      0  0  1     0      0  0  1     0      0  0 -1     0    


Number of elements : 12

        1                  2                  3                  4          
  1  0  0     0      0 -1  0     0     -1  1  0     0     -1  0  0     0    
  0  1  0     0      1 -1  0     0     -1  0  0     0      0 -1  0     0    
  0  0  1     0      0  0  1     0      0  0  1     0      0  0  1     0    

        5                  6                  7                  8          
  0  1  0     0      1 -1  0     0     -1  0  0     0      0  1  0     0    
 -1  1  0     0      1  0  0     0      0 -1  0     0     -1  1  0     0    
  0  0  1     0      0  0  1     0      0  0 -1     0      0  0 -1     0    

        9                 10                 11                 12          
  1 -1  0     0      1  0  0     0      0 -1  0     0     -1  1  0     0    
  1  0  0     0      0  1  0     0      1 -1  0     0     -1  0  0     0    
  0  0 -1     0      0  0 -1     0      0  0 -1     0      0  0 -1     0    


k-vector 
  in primitive basis :                        0.000  0.000 -0.500
  in standard dual basis :                    0.000  0.000 -0.500
The user label for this k-vector is:          A
The standard label for this k-vector is:      A


The star of the k-vector has the following 1 arms :
  0.000  0.000 -0.500


The little group of the k-vector has the following 12
elements as translation coset representatives :

        1                  2                  3                  4          
  1  0  0     0      0 -1  0     0     -1  1  0     0     -1  0  0     0    
  0  1  0     0      1 -1  0     0     -1  0  0     0      0 -1  0     0    
  0  0  1     0      0  0  1     0      0  0  1     0      0  0  1     0    

        5                  6                  7                  8          
  0  1  0     0      1 -1  0     0     -1  0  0     0      0  1  0     0    
 -1  1  0     0      1  0  0     0      0 -1  0     0     -1  1  0     0    
  0  0  1     0      0  0  1     0      0  0 -1     0      0  0 -1     0    

        9                 10                 11                 12          
  1 -1  0     0      1  0  0     0      0 -1  0     0     -1  1  0     0    
  1  0  0     0      0  1  0     0      1 -1  0     0     -1  0  0     0    
  0  0 -1     0      0  0 -1     0      0  0 -1     0      0  0 -1     0    


The space group has the following 1 elements as
coset representatives relative to the little group :

        1          
  1  0  0     0    
  0  1  0     0    
  0  0  1     0    


The little group of the k-vector has  12  allowed irreps.
The matrices, corresponding to all of the little group elements are :

 Irrep A_1+ ,  dimension 1
      1               2               3               4         
(1.000,  0.0)   (1.000,  0.0)   (1.000,  0.0)   (1.000,  0.0)   

      5               6               7               8         
(1.000,  0.0)   (1.000,  0.0)   (1.000,  0.0)   (1.000,  0.0)   

      9              10              11              12         
(1.000,  0.0)   (1.000,  0.0)   (1.000,  0.0)   (1.000,  0.0)   


 Irrep A_1- ,  dimension 1
      1               2               3               4         
(1.000,  0.0)   (1.000,  0.0)   (1.000,  0.0)   (1.000,  0.0)   

      5               6               7               8         
(1.000,  0.0)   (1.000,  0.0)   (1.000,180.0)   (1.000,180.0)   

      9              10              11              12         
(1.000,180.0)   (1.000,180.0)   (1.000,180.0)   (1.000,180.0)   


 Irrep A_2+ ,  dimension 1
      1               2               3               4         
(1.000,  0.0)   (1.000,  0.0)   (1.000,  0.0)   (1.000,180.0)   

      5               6               7               8         
(1.000,180.0)   (1.000,180.0)   (1.000,  0.0)   (1.000,  0.0)   

      9              10              11              12         
(1.000,  0.0)   (1.000,180.0)   (1.000,180.0)   (1.000,180.0)   


 Irrep A_2- ,  dimension 1
      1               2               3               4         
(1.000,  0.0)   (1.000,  0.0)   (1.000,  0.0)   (1.000,180.0)   

      5               6               7               8         
(1.000,180.0)   (1.000,180.0)   (1.000,180.0)   (1.000,180.0)   

      9              10              11              12         
(1.000,180.0)   (1.000,  0.0)   (1.000,  0.0)   (1.000,  0.0)   


 Irrep A_3+ ,  dimension 1
      1               2               3               4         
(1.000,  0.0)   (1.000,120.0)   (1.000,240.0)   (1.000,  0.0)   

      5               6               7               8         
(1.000,120.0)   (1.000,240.0)   (1.000,  0.0)   (1.000,120.0)   

      9              10              11              12         
(1.000,240.0)   (1.000,  0.0)   (1.000,120.0)   (1.000,240.0)   


 Irrep A_3- ,  dimension 1
      1               2               3               4         
(1.000,  0.0)   (1.000,120.0)   (1.000,240.0)   (1.000,  0.0)   

      5               6               7               8         
(1.000,120.0)   (1.000,240.0)   (1.000,180.0)   (1.000,300.0)   

      9              10              11              12         
(1.000, 60.0)   (1.000,180.0)   (1.000,300.0)   (1.000, 60.0)   


 Irrep A_4+ ,  dimension 1
      1               2               3               4         
(1.000,  0.0)   (1.000,120.0)   (1.000,240.0)   (1.000,180.0)   

      5               6               7               8         
(1.000,300.0)   (1.000, 60.0)   (1.000,  0.0)   (1.000,120.0)   

      9              10              11              12         
(1.000,240.0)   (1.000,180.0)   (1.000,300.0)   (1.000, 60.0)   


 Irrep A_4- ,  dimension 1
      1               2               3               4         
(1.000,  0.0)   (1.000,120.0)   (1.000,240.0)   (1.000,180.0)   

      5               6               7               8         
(1.000,300.0)   (1.000, 60.0)   (1.000,180.0)   (1.000,300.0)   

      9              10              11              12         
(1.000, 60.0)   (1.000,  0.0)   (1.000,120.0)   (1.000,240.0)   


 Irrep A_5+ ,  dimension 1
      1               2               3               4         
(1.000,  0.0)   (1.000,240.0)   (1.000,120.0)   (1.000,  0.0)   

      5               6               7               8         
(1.000,240.0)   (1.000,120.0)   (1.000,  0.0)   (1.000,240.0)   

      9              10              11              12         
(1.000,120.0)   (1.000,  0.0)   (1.000,240.0)   (1.000,120.0)   


 Irrep A_5- ,  dimension 1
      1               2               3               4         
(1.000,  0.0)   (1.000,240.0)   (1.000,120.0)   (1.000,  0.0)   

      5               6               7               8         
(1.000,240.0)   (1.000,120.0)   (1.000,180.0)   (1.000, 60.0)   

      9              10              11              12         
(1.000,300.0)   (1.000,180.0)   (1.000, 60.0)   (1.000,300.0)   


 Irrep A_6+ ,  dimension 1
      1               2               3               4         
(1.000,  0.0)   (1.000,240.0)   (1.000,120.0)   (1.000,180.0)   

      5               6               7               8         
(1.000, 60.0)   (1.000,300.0)   (1.000,  0.0)   (1.000,240.0)   

      9              10              11              12         
(1.000,120.0)   (1.000,180.0)   (1.000, 60.0)   (1.000,300.0)   


 Irrep A_6- ,  dimension 1
      1               2               3               4         
(1.000,  0.0)   (1.000,240.0)   (1.000,120.0)   (1.000,180.0)   

      5               6               7               8         
(1.000, 60.0)   (1.000,300.0)   (1.000,180.0)   (1.000, 60.0)   

      9              10              11              12         
(1.000,300.0)   (1.000,  0.0)   (1.000,240.0)   (1.000,120.0)   


General position characters:
Gen Pos:      1             2             3             4             5             6             7             8             9             10             11             12             
A_1+      (1.000,  0.0) (1.000,  0.0) (1.000,  0.0) (1.000,  0.0) (1.000,  0.0) (1.000,  0.0) (1.000,  0.0) (1.000,  0.0) (1.000,  0.0) (1.000,  0.0) (1.000,  0.0) (1.000,  0.0) 
A_1-      (1.000,  0.0) (1.000,  0.0) (1.000,  0.0) (1.000,  0.0) (1.000,  0.0) (1.000,  0.0) (1.000,180.0) (1.000,180.0) (1.000,180.0) (1.000,180.0) (1.000,180.0) (1.000,180.0) 
A_2+      (1.000,  0.0) (1.000,  0.0) (1.000,  0.0) (1.000,180.0) (1.000,180.0) (1.000,180.0) (1.000,  0.0) (1.000,  0.0) (1.000,  0.0) (1.000,180.0) (1.000,180.0) (1.000,180.0) 
A_2-      (1.000,  0.0) (1.000,  0.0) (1.000,  0.0) (1.000,180.0) (1.000,180.0) (1.000,180.0) (1.000,180.0) (1.000,180.0) (1.000,180.0) (1.000,  0.0) (1.000,  0.0) (1.000,  0.0) 
A_3+      (1.000,  0.0) (1.000,120.0) (1.000,240.0) (1.000,  0.0) (1.000,120.0) (1.000,240.0) (1.000,  0.0) (1.000,120.0) (1.000,240.0) (1.000,  0.0) (1.000,120.0) (1.000,240.0) 
A_3-      (1.000,  0.0) (1.000,120.0) (1.000,240.0) (1.000,  0.0) (1.000,120.0) (1.000,240.0) (1.000,180.0) (1.000,300.0) (1.000, 60.0) (1.000,180.0) (1.000,300.0) (1.000, 60.0) 
A_4+      (1.000,  0.0) (1.000,120.0) (1.000,240.0) (1.000,180.0) (1.000,300.0) (1.000, 60.0) (1.000,  0.0) (1.000,120.0) (1.000,240.0) (1.000,180.0) (1.000,300.0) (1.000, 60.0) 
A_4-      (1.000,  0.0) (1.000,120.0) (1.000,240.0) (1.000,180.0) (1.000,300.0) (1.000, 60.0) (1.000,180.0) (1.000,300.0) (1.000, 60.0) (1.000,  0.0) (1.000,120.0) (1.000,240.0) 
A_5+      (1.000,  0.0) (1.000,240.0) (1.000,120.0) (1.000,  0.0) (1.000,240.0) (1.000,120.0) (1.000,  0.0) (1.000,240.0) (1.000,120.0) (1.000,  0.0) (1.000,240.0) (1.000,120.0) 
A_5-      (1.000,  0.0) (1.000,240.0) (1.000,120.0) (1.000,  0.0) (1.000,240.0) (1.000,120.0) (1.000,180.0) (1.000, 60.0) (1.000,300.0) (1.000,180.0) (1.000, 60.0) (1.000,300.0) 
A_6+      (1.000,  0.0) (1.000,240.0) (1.000,120.0) (1.000,180.0) (1.000, 60.0) (1.000,300.0) (1.000,  0.0) (1.000,240.0) (1.000,120.0) (1.000,180.0) (1.000, 60.0) (1.000,300.0) 
A_6-      (1.000,  0.0) (1.000,240.0) (1.000,120.0) (1.000,180.0) (1.000, 60.0) (1.000,300.0) (1.000,180.0) (1.000, 60.0) (1.000,300.0) (1.000,  0.0) (1.000,240.0) (1.000,120.0) 


Physically-irreducible representations:
  *A_1+  *A_1-  *A_2+  *A_2-  *A_3++*A_5+  *A_3-+*A_5-  *A_4++*A_6+  *A_4-+*A_6-