Space group number 178 , P6_122
Lattice type : hP

Number of generators : 4

        1                  2                  3                  4          
  1  0  0     0      0 -1  0     0     -1  0  0     0      0  1  0     0    
  0  1  0     0      1 -1  0     0      0 -1  0     0      1  0  0     0    
  0  0  1     0      0  0  1   1/3      0  0  1   1/2      0  0 -1   1/3    


Number of elements : 12

        1                  2                  3                  4          
  1  0  0     0      0 -1  0     0     -1  1  0     0     -1  0  0     0    
  0  1  0     0      1 -1  0     0     -1  0  0     0      0 -1  0     0    
  0  0  1     0      0  0  1   1/3      0  0  1   2/3      0  0  1   1/2    

        5                  6                  7                  8          
  0  1  0     0      1 -1  0     0      0  1  0     0      1 -1  0     0    
 -1  1  0     0      1  0  0     0      1  0  0     0      0 -1  0     0    
  0  0  1   5/6      0  0  1   7/6      0  0 -1   1/3      0  0 -1     0    

        9                 10                 11                 12          
 -1  0  0     0      0 -1  0     0     -1  1  0     0      1  0  0     0    
 -1  1  0     0     -1  0  0     0      0  1  0     0      1 -1  0     0    
  0  0 -1  -1/3      0  0 -1  -1/6      0  0 -1  -1/2      0  0 -1  -5/6    


k-vector 
  in primitive basis :                        0.000  0.000 -0.500
  in standard dual basis :                    0.000  0.000 -0.500
The user label for this k-vector is:          A
The standard label for this k-vector is:      A


The star of the k-vector has the following 1 arms :
  0.000  0.000 -0.500


The little group of the k-vector has the following 12
elements as translation coset representatives :

        1                  2                  3                  4          
  1  0  0     0      0 -1  0     0     -1  1  0     0     -1  0  0     0    
  0  1  0     0      1 -1  0     0     -1  0  0     0      0 -1  0     0    
  0  0  1     0      0  0  1   1/3      0  0  1   2/3      0  0  1   1/2    

        5                  6                  7                  8          
  0  1  0     0      1 -1  0     0      0  1  0     0      1 -1  0     0    
 -1  1  0     0      1  0  0     0      1  0  0     0      0 -1  0     0    
  0  0  1   5/6      0  0  1   7/6      0  0 -1   1/3      0  0 -1     0    

        9                 10                 11                 12          
 -1  0  0     0      0 -1  0     0     -1  1  0     0      1  0  0     0    
 -1  1  0     0     -1  0  0     0      0  1  0     0      1 -1  0     0    
  0  0 -1  -1/3      0  0 -1  -1/6      0  0 -1  -1/2      0  0 -1  -5/6    


The space group has the following 1 elements as
coset representatives relative to the little group :

        1          
  1  0  0     0    
  0  1  0     0    
  0  0  1     0    


The little group of the k-vector has  3  allowed irreps.
The matrices, corresponding to all of the little group elements are :

 Irrep A_1 ,  dimension 2
             1                             2                
(1.000,  0.0) (0.000,  0.0)   (1.000, 60.0) (0.000,  0.0)   
(0.000,  0.0) (1.000,  0.0)   (0.000,  0.0) (1.000,300.0)   

             3                             4                
(1.000,120.0) (0.000,  0.0)   (1.000, 90.0) (0.000,  0.0)   
(0.000,  0.0) (1.000,240.0)   (0.000,  0.0) (1.000,270.0)   

             5                             6                
(1.000,150.0) (0.000,  0.0)   (1.000,210.0) (0.000,  0.0)   
(0.000,  0.0) (1.000,210.0)   (0.000,  0.0) (1.000,150.0)   

             7                             8                
(0.000,  0.0) (1.000,  0.0)   (0.000,  0.0) (1.000,300.0)   
(1.000,  0.0) (0.000,  0.0)   (1.000, 60.0) (0.000,  0.0)   

             9                            10                
(0.000,  0.0) (1.000,240.0)   (0.000,  0.0) (1.000,270.0)   
(1.000,120.0) (0.000,  0.0)   (1.000, 90.0) (0.000,  0.0)   

            11                            12                
(0.000,  0.0) (1.000,210.0)   (0.000,  0.0) (1.000,150.0)   
(1.000,150.0) (0.000,  0.0)   (1.000,210.0) (0.000,  0.0)   


 Irrep A_2 ,  dimension 2
             1                             2                
(1.000,  0.0) (0.000,  0.0)   (1.000, 60.0) (0.000,  0.0)   
(0.000,  0.0) (1.000,  0.0)   (0.000,  0.0) (1.000,300.0)   

             3                             4                
(1.000,120.0) (0.000,  0.0)   (1.000,270.0) (0.000,  0.0)   
(0.000,  0.0) (1.000,240.0)   (0.000,  0.0) (1.000, 90.0)   

             5                             6                
(1.000,330.0) (0.000,  0.0)   (1.000, 30.0) (0.000,  0.0)   
(0.000,  0.0) (1.000, 30.0)   (0.000,  0.0) (1.000,330.0)   

             7                             8                
(0.000,  0.0) (1.000,  0.0)   (0.000,  0.0) (1.000,300.0)   
(1.000,  0.0) (0.000,  0.0)   (1.000, 60.0) (0.000,  0.0)   

             9                            10                
(0.000,  0.0) (1.000,240.0)   (0.000,  0.0) (1.000, 90.0)   
(1.000,120.0) (0.000,  0.0)   (1.000,270.0) (0.000,  0.0)   

            11                            12                
(0.000,  0.0) (1.000, 30.0)   (0.000,  0.0) (1.000,330.0)   
(1.000,330.0) (0.000,  0.0)   (1.000, 30.0) (0.000,  0.0)   


 Irrep A_3 ,  dimension 2
             1                             2                
(1.000,  0.0) (0.000,  0.0)   (1.000,180.0) (0.000,  0.0)   
(0.000,  0.0) (1.000,  0.0)   (0.000,  0.0) (1.000,180.0)   

             3                             4                
(1.000,  0.0) (0.000,  0.0)   (1.000, 90.0) (0.000,  0.0)   
(0.000,  0.0) (1.000,  0.0)   (0.000,  0.0) (1.000,270.0)   

             5                             6                
(1.000,270.0) (0.000,  0.0)   (1.000, 90.0) (0.000,  0.0)   
(0.000,  0.0) (1.000, 90.0)   (0.000,  0.0) (1.000,270.0)   

             7                             8                
(0.000,  0.0) (1.000,  0.0)   (0.000,  0.0) (1.000,180.0)   
(1.000,  0.0) (0.000,  0.0)   (1.000,180.0) (0.000,  0.0)   

             9                            10                
(0.000,  0.0) (1.000,  0.0)   (0.000,  0.0) (1.000,270.0)   
(1.000,  0.0) (0.000,  0.0)   (1.000, 90.0) (0.000,  0.0)   

            11                            12                
(0.000,  0.0) (1.000, 90.0)   (0.000,  0.0) (1.000,270.0)   
(1.000,270.0) (0.000,  0.0)   (1.000, 90.0) (0.000,  0.0)   


General position characters:
Gen Pos:      1             2             3             4             5             6             7             8             9             10             11             12             
A_1      (2.000,  0.0) (1.000,  0.0) (1.000,180.0) (0.000,  0.0) (1.732,180.0) (1.732,180.0) (0.000,  0.0) (0.000,  0.0) (0.000,  0.0) (0.000,  0.0) (0.000,  0.0) (0.000,  0.0) 
A_2      (2.000,  0.0) (1.000,  0.0) (1.000,180.0) (0.000,  0.0) (1.732,  0.0) (1.732,  0.0) (0.000,  0.0) (0.000,  0.0) (0.000,  0.0) (0.000,  0.0) (0.000,  0.0) (0.000,  0.0) 
A_3      (2.000,  0.0) (2.000,180.0) (2.000,  0.0) (0.000,  0.0) (0.000,  0.0) (0.000,  0.0) (0.000,  0.0) (0.000,  0.0) (0.000,  0.0) (0.000,  0.0) (0.000,  0.0) (0.000,  0.0) 


Physically-irreducible representations:
  *A_1  *A_2  *A_3