Space group number 220 , I-43d
Lattice type : cI

Number of generators : 5

        1                  2                  3                  4          
  1  0  0     0     -1  0  0   1/2     -1  0  0     0      0  0  1     0    
  0  1  0     0      0 -1  0     0      0  1  0   1/2      1  0  0     0    
  0  0  1     0      0  0  1   1/2      0  0 -1   1/2      0  1  0     0    

        5          
  0  1  0   1/4    
  1  0  0   1/4    
  0  0  1   1/4    


Number of elements : 24

        1                  2                  3                  4          
  1  0  0     0     -1  0  0   1/2     -1  0  0     0      1  0  0  -1/2    
  0  1  0     0      0 -1  0     0      0  1  0   1/2      0 -1  0   1/2    
  0  0  1     0      0  0  1   1/2      0  0 -1   1/2      0  0 -1     0    

        5                  6                  7                  8          
  0  0  1     0      0  0  1   1/2      0  0 -1   1/2      0  0 -1     0    
  1  0  0     0     -1  0  0   1/2     -1  0  0     0      1  0  0  -1/2    
  0  1  0     0      0 -1  0     0      0  1  0   1/2      0 -1  0   1/2    

        9                 10                 11                 12          
  0  1  0     0      0 -1  0     0      0  1  0   1/2      0 -1  0   1/2    
  0  0  1     0      0  0  1   1/2      0  0 -1   1/2      0  0 -1     0    
  1  0  0     0     -1  0  0   1/2     -1  0  0     0      1  0  0  -1/2    

       13                 14                 15                 16          
  0  1  0   1/4      0 -1  0   1/4      0  1  0   3/4      0 -1  0   3/4    
  1  0  0   1/4     -1  0  0   3/4     -1  0  0   1/4      1  0  0  -1/4    
  0  0  1   1/4      0  0  1   3/4      0  0 -1   3/4      0  0 -1   1/4    

       17                 18                 19                 20          
  1  0  0   1/4     -1  0  0   3/4     -1  0  0   1/4      1  0  0  -1/4    
  0  0  1   1/4      0  0  1   3/4      0  0 -1   3/4      0  0 -1   1/4    
  0  1  0   1/4      0 -1  0   1/4      0  1  0   3/4      0 -1  0   3/4    

       21                 22                 23                 24          
  0  0  1   1/4      0  0  1   3/4      0  0 -1   3/4      0  0 -1   1/4    
  0  1  0   1/4      0 -1  0   1/4      0  1  0   3/4      0 -1  0   3/4    
  1  0  0   1/4     -1  0  0   3/4     -1  0  0   1/4      1  0  0  -1/4    


k-vector 
  in primitive basis :                        0.000  0.000 -0.500
  in standard dual basis :                   -0.500 -0.500  0.000
The user label for this k-vector is:          N
The standard label for this k-vector is:      D


The star of the k-vector has the following 6 arms :
 -0.500 -0.500  0.000
  0.500 -0.500 -0.000
 -0.500  0.000 -0.500
  0.500 -0.000 -0.500
  0.000 -0.500 -0.500
 -0.000  0.500 -0.500


The little group of the k-vector has the following 4
elements as translation coset representatives :

        1                  2                  3                  4          
  1  0  0     0     -1  0  0   1/2      0  1  0   1/4      0 -1  0   1/4    
  0  1  0     0      0 -1  0     0      1  0  0   1/4     -1  0  0   3/4    
  0  0  1     0      0  0  1   1/2      0  0  1   1/4      0  0  1   3/4    


The space group has the following 6 elements as
coset representatives relative to the little group :

        1                  2                  3                  4          
  1  0  0     0     -1  0  0     0      0  0  1     0      0  0  1   1/2    
  0  1  0     0      0  1  0   1/2      1  0  0     0     -1  0  0   1/2    
  0  0  1     0      0  0 -1   1/2      0  1  0     0      0 -1  0     0    

        5                  6          
  0  1  0     0      0 -1  0     0    
  0  0  1     0      0  0  1   1/2    
  1  0  0     0     -1  0  0   1/2    


The little group of the k-vector has  1  allowed irreps.
The matrices, corresponding to all of the little group elements are :

 Irrep N_1 ,  dimension 2
             1                             2                
(1.000,  0.0) (0.000,  0.0)   (1.000,  0.0) (0.000,  0.0)   
(0.000,  0.0) (1.000,  0.0)   (0.000,  0.0) (1.000,180.0)   

             3                             4                
(0.000,  0.0) (1.000,180.0)   (0.000,  0.0) (1.000,  0.0)   
(1.000,  0.0) (0.000,  0.0)   (1.000,  0.0) (0.000,  0.0)   


General position characters:
Gen Pos:      1             2             3             4             5             6             7             8             9             10             11             12             13             14             15             16             17             18             19             20             21             22             23             24             
N_1      (12.000,  0.0) (0.000,  0.0) (0.000,  0.0) (0.000,  0.0) (0.000,  0.0) (0.000,  0.0) (0.000,  0.0) (0.000,  0.0) (0.000,  0.0) (0.000,  0.0) (0.000,  0.0) (0.000,  0.0) (0.000,  0.0) (0.000,  0.0) (0.000,  0.0) (0.000,  0.0) (0.000,  0.0) (0.000,  0.0) (0.000,  0.0) (0.000,  0.0) (0.000,  0.0) (0.000,  0.0) (0.000,  0.0) (0.000,  0.0) 


Physically-irreducible representations:
  *N_1