Space group number 210 , F4_132
Lattice type : cF

Number of generators : 5

        1                  2                  3                  4          
  1  0  0     0     -1  0  0     0     -1  0  0   1/2      0  0  1     0    
  0  1  0     0      0 -1  0   1/2      0  1  0   1/2      1  0  0     0    
  0  0  1     0      0  0  1   1/2      0  0 -1     0      0  1  0     0    

        5          
  0  1  0   3/4    
  1  0  0   1/4    
  0  0 -1   3/4    


Number of elements : 24

        1                  2                  3                  4          
  1  0  0     0     -1  0  0     0     -1  0  0   1/2      1  0  0   1/2    
  0  1  0     0      0 -1  0   1/2      0  1  0   1/2      0 -1  0     1    
  0  0  1     0      0  0  1   1/2      0  0 -1     0      0  0 -1  -1/2    

        5                  6                  7                  8          
  0  0  1     0      0  0  1   1/2      0  0 -1     0      0  0 -1  -1/2    
  1  0  0     0     -1  0  0     0     -1  0  0   1/2      1  0  0   1/2    
  0  1  0     0      0 -1  0   1/2      0  1  0   1/2      0 -1  0     1    

        9                 10                 11                 12          
  0  1  0     0      0 -1  0   1/2      0  1  0   1/2      0 -1  0     1    
  0  0  1     0      0  0  1   1/2      0  0 -1     0      0  0 -1  -1/2    
  1  0  0     0     -1  0  0     0     -1  0  0   1/2      1  0  0   1/2    

       13                 14                 15                 16          
  0  1  0   3/4      0 -1  0   5/4      0  1  0   5/4      0 -1  0   7/4    
  1  0  0   1/4     -1  0  0   1/4     -1  0  0   3/4      1  0  0   3/4    
  0  0 -1   3/4      0  0 -1   1/4      0  0  1   3/4      0  0  1   5/4    

       17                 18                 19                 20          
  1  0  0   3/4     -1  0  0   3/4     -1  0  0   5/4      1  0  0   5/4    
  0  0  1   1/4      0  0  1   3/4      0  0 -1   1/4      0  0 -1  -1/4    
  0 -1  0   3/4      0  1  0   1/4      0 -1  0   1/4      0  1  0  -1/4    

       21                 22                 23                 24          
  0  0  1   3/4      0  0  1   5/4      0  0 -1   3/4      0  0 -1   1/4    
  0  1  0   1/4      0 -1  0   3/4      0  1  0   3/4      0 -1  0   5/4    
 -1  0  0   3/4      1  0  0   3/4      1  0  0   1/4     -1  0  0   1/4    


k-vector 
  in primitive basis :                        0.000 -0.500  0.000
  in standard dual basis :                   -0.500  0.500 -0.500
The user label for this k-vector is:          L
The standard label for this k-vector is:      L


The star of the k-vector has the following 4 arms :
 -0.500  0.500 -0.500
  0.500 -0.500 -0.500
  0.500  0.500  0.500
 -0.500 -0.500  0.500


The little group of the k-vector has the following 6
elements as translation coset representatives :

        1                  2                  3                  4          
  1  0  0     0      0  0  1   1/2      0 -1  0     1      0  1  0   3/4    
  0  1  0     0     -1  0  0     0      0  0 -1  -1/2      1  0  0   1/4    
  0  0  1     0      0 -1  0   1/2      1  0  0   1/2      0  0 -1   3/4    

        5                  6          
 -1  0  0   3/4      0  0 -1   1/4    
  0  0  1   3/4      0 -1  0   5/4    
  0  1  0   1/4     -1  0  0   1/4    


The space group has the following 4 elements as
coset representatives relative to the little group :

        1                  2                  3                  4          
  1  0  0     0     -1  0  0     0     -1  0  0   1/2      1  0  0   1/2    
  0  1  0     0      0 -1  0   1/2      0  1  0   1/2      0 -1  0     1    
  0  0  1     0      0  0  1   1/2      0  0 -1     0      0  0 -1  -1/2    


The little group of the k-vector has  3  allowed irreps.
The matrices, corresponding to all of the little group elements are :

 Irrep L_2 ,  dimension 2
             1                             2                
(1.000,  0.0) (0.000,  0.0)   (1.000, 60.0) (0.000,  0.0)   
(0.000,  0.0) (1.000,  0.0)   (0.000,  0.0) (1.000,300.0)   

             3                             4                
(1.000,120.0) (0.000,  0.0)   (0.000,  0.0) (1.000,  0.0)   
(0.000,  0.0) (1.000,240.0)   (1.000,  0.0) (0.000,  0.0)   

             5                             6                
(0.000,  0.0) (1.000,300.0)   (0.000,  0.0) (1.000,240.0)   
(1.000, 60.0) (0.000,  0.0)   (1.000,120.0) (0.000,  0.0)   


 Irrep L_1 ,  dimension 1
      1               2               3               4         
(1.000,  0.0)   (1.000,180.0)   (1.000,  0.0)   (1.000,  0.0)   

      5               6         
(1.000,180.0)   (1.000,  0.0)   


 Irrep L_3 ,  dimension 1
      1               2               3               4         
(1.000,  0.0)   (1.000,180.0)   (1.000,  0.0)   (1.000,180.0)   

      5               6         
(1.000,  0.0)   (1.000,180.0)   


General position characters:
Gen Pos:      1             2             3             4             5             6             7             8             9             10             11             12             13             14             15             16             17             18             19             20             21             22             23             24             
L_2      (8.000,  0.0) (0.000,  0.0) (0.000,  0.0) (0.000,  0.0) (1.000,180.0) (1.000,  0.0) (1.000,  0.0) (1.000,  0.0) (1.000,180.0) (1.000,180.0) (1.000,180.0) (1.000,180.0) (0.000,  0.0) (0.000,  0.0) (0.000,  0.0) (0.000,  0.0) (0.000,  0.0) (0.000,  0.0) (0.000,  0.0) (0.000,  0.0) (0.000,  0.0) (0.000,  0.0) (0.000,  0.0) (0.000,  0.0) 
L_1      (4.000,  0.0) (0.000,  0.0) (0.000,  0.0) (0.000,  0.0) (1.000,  0.0) (1.000,180.0) (1.000,180.0) (1.000,180.0) (1.000,  0.0) (1.000,  0.0) (1.000,  0.0) (1.000,  0.0) (0.000,  0.0) (0.000,  0.0) (0.000,  0.0) (0.000,  0.0) (0.000,  0.0) (0.000,  0.0) (0.000,  0.0) (0.000,  0.0) (0.000,  0.0) (0.000,  0.0) (0.000,  0.0) (0.000,  0.0) 
L_3      (4.000,  0.0) (0.000,  0.0) (0.000,  0.0) (0.000,  0.0) (1.000,  0.0) (1.000,180.0) (1.000,180.0) (1.000,180.0) (1.000,  0.0) (1.000,  0.0) (1.000,  0.0) (1.000,  0.0) (0.000,  0.0) (0.000,  0.0) (0.000,  0.0) (0.000,  0.0) (0.000,  0.0) (0.000,  0.0) (0.000,  0.0) (0.000,  0.0) (0.000,  0.0) (0.000,  0.0) (0.000,  0.0) (0.000,  0.0) 


Physically-irreducible representations:
  *L_2  *L_1  *L_3