Space group number 193 , P6_3/mcm
Lattice type : hP

Number of generators : 5

        1                  2                  3                  4          
  1  0  0     0      0 -1  0     0     -1  0  0     0      0  1  0     0    
  0  1  0     0      1 -1  0     0      0 -1  0     0      1  0  0     0    
  0  0  1     0      0  0  1     0      0  0  1   1/2      0  0 -1   1/2    

        5          
 -1  0  0     0    
  0 -1  0     0    
  0  0 -1     0    


Number of elements : 24

        1                  2                  3                  4          
  1  0  0     0      0 -1  0     0     -1  1  0     0     -1  0  0     0    
  0  1  0     0      1 -1  0     0     -1  0  0     0      0 -1  0     0    
  0  0  1     0      0  0  1     0      0  0  1     0      0  0  1   1/2    

        5                  6                  7                  8          
  0  1  0     0      1 -1  0     0      0  1  0     0      1 -1  0     0    
 -1  1  0     0      1  0  0     0      1  0  0     0      0 -1  0     0    
  0  0  1   1/2      0  0  1   1/2      0  0 -1   1/2      0  0 -1   1/2    

        9                 10                 11                 12          
 -1  0  0     0      0 -1  0     0     -1  1  0     0      1  0  0     0    
 -1  1  0     0     -1  0  0     0      0  1  0     0      1 -1  0     0    
  0  0 -1   1/2      0  0 -1     0      0  0 -1     0      0  0 -1     0    

       13                 14                 15                 16          
 -1  0  0     0      0  1  0     0      1 -1  0     0      1  0  0     0    
  0 -1  0     0     -1  1  0     0      1  0  0     0      0  1  0     0    
  0  0 -1     0      0  0 -1     0      0  0 -1     0      0  0 -1  -1/2    

       17                 18                 19                 20          
  0 -1  0     0     -1  1  0     0      0 -1  0     0     -1  1  0     0    
  1 -1  0     0     -1  0  0     0     -1  0  0     0      0  1  0     0    
  0  0 -1  -1/2      0  0 -1  -1/2      0  0  1  -1/2      0  0  1  -1/2    

       21                 22                 23                 24          
  1  0  0     0      0  1  0     0      1 -1  0     0     -1  0  0     0    
  1 -1  0     0      1  0  0     0      0 -1  0     0     -1  1  0     0    
  0  0  1  -1/2      0  0  1     0      0  0  1     0      0  0  1     0    


k-vector 
  in primitive basis :                        0.000 -0.500 -0.500
  in standard dual basis :                    0.000 -0.500 -0.500
The user label for this k-vector is:          L
The standard label for this k-vector is:      L


The star of the k-vector has the following 3 arms :
  0.000 -0.500 -0.500
 -0.500  0.500 -0.500
  0.500  0.000 -0.500


The little group of the k-vector has the following 8
elements as translation coset representatives :

        1                  2                  3                  4          
  1  0  0     0     -1  0  0     0      1 -1  0     0     -1  1  0     0    
  0  1  0     0      0 -1  0     0      0 -1  0     0      0  1  0     0    
  0  0  1     0      0  0  1   1/2      0  0 -1   1/2      0  0 -1     0    

        5                  6                  7                  8          
 -1  0  0     0      1  0  0     0     -1  1  0     0      1 -1  0     0    
  0 -1  0     0      0  1  0     0      0  1  0     0      0 -1  0     0    
  0  0 -1     0      0  0 -1  -1/2      0  0  1  -1/2      0  0  1     0    


The space group has the following 3 elements as
coset representatives relative to the little group :

        1                  2                  3          
  1  0  0     0      0 -1  0     0     -1  1  0     0    
  0  1  0     0      1 -1  0     0     -1  0  0     0    
  0  0  1     0      0  0  1     0      0  0  1     0    


The little group of the k-vector has  2  allowed irreps.
The matrices, corresponding to all of the little group elements are :

 Irrep L_1 ,  dimension 2
             1                             2                
(1.000,  0.0) (0.000,  0.0)   (1.000, 90.0) (0.000,  0.0)   
(0.000,  0.0) (1.000,  0.0)   (0.000,  0.0) (1.000,270.0)   

             3                             4                
(0.000,  0.0) (1.000,  0.0)   (0.000,  0.0) (1.000,270.0)   
(1.000,  0.0) (0.000,  0.0)   (1.000, 90.0) (0.000,  0.0)   

             5                             6                
(0.000,  0.0) (1.000,270.0)   (0.000,  0.0) (1.000,180.0)   
(1.000, 90.0) (0.000,  0.0)   (1.000,180.0) (0.000,  0.0)   

             7                             8                
(1.000,270.0) (0.000,  0.0)   (1.000,  0.0) (0.000,  0.0)   
(0.000,  0.0) (1.000, 90.0)   (0.000,  0.0) (1.000,  0.0)   


 Irrep L_2 ,  dimension 2
             1                             2                
(1.000,  0.0) (0.000,  0.0)   (1.000, 90.0) (0.000,  0.0)   
(0.000,  0.0) (1.000,  0.0)   (0.000,  0.0) (1.000,270.0)   

             3                             4                
(0.000,  0.0) (1.000,  0.0)   (0.000,  0.0) (1.000,270.0)   
(1.000,  0.0) (0.000,  0.0)   (1.000, 90.0) (0.000,  0.0)   

             5                             6                
(0.000,  0.0) (1.000, 90.0)   (0.000,  0.0) (1.000,  0.0)   
(1.000,270.0) (0.000,  0.0)   (1.000,  0.0) (0.000,  0.0)   

             7                             8                
(1.000, 90.0) (0.000,  0.0)   (1.000,180.0) (0.000,  0.0)   
(0.000,  0.0) (1.000,270.0)   (0.000,  0.0) (1.000,180.0)   


General position characters:
Gen Pos:      1             2             3             4             5             6             7             8             9             10             11             12             13             14             15             16             17             18             19             20             21             22             23             24             
L_1      (6.000,  0.0) (0.000,  0.0) (0.000,  0.0) (0.000,  0.0) (0.000,  0.0) (0.000,  0.0) (0.000,  0.0) (0.000,  0.0) (0.000,  0.0) (0.000,  0.0) (0.000,  0.0) (0.000,  0.0) (0.000,  0.0) (0.000,  0.0) (0.000,  0.0) (0.000,  0.0) (0.000,  0.0) (0.000,  0.0) (0.000,  0.0) (0.000,  0.0) (0.000,  0.0) (2.000,  0.0) (2.000,  0.0) (2.000,  0.0) 
L_2      (6.000,  0.0) (0.000,  0.0) (0.000,  0.0) (0.000,  0.0) (0.000,  0.0) (0.000,  0.0) (0.000,  0.0) (0.000,  0.0) (0.000,  0.0) (0.000,  0.0) (0.000,  0.0) (0.000,  0.0) (0.000,  0.0) (0.000,  0.0) (0.000,  0.0) (0.000,  0.0) (0.000,  0.0) (0.000,  0.0) (0.000,  0.0) (0.000,  0.0) (0.000,  0.0) (2.000,180.0) (2.000,180.0) (2.000,180.0) 


Physically-irreducible representations:
  *L_1  *L_2