Space group number 204 , Im-3
Lattice type : cI

Number of generators : 5

        1                  2                  3                  4          
  1  0  0     0     -1  0  0     0     -1  0  0     0      0  0  1     0    
  0  1  0     0      0 -1  0     0      0  1  0     0      1  0  0     0    
  0  0  1     0      0  0  1     0      0  0 -1     0      0  1  0     0    

        5          
 -1  0  0     0    
  0 -1  0     0    
  0  0 -1     0    


Number of elements : 24

        1                  2                  3                  4          
  1  0  0     0     -1  0  0     0     -1  0  0     0      1  0  0     0    
  0  1  0     0      0 -1  0     0      0  1  0     0      0 -1  0     0    
  0  0  1     0      0  0  1     0      0  0 -1     0      0  0 -1     0    

        5                  6                  7                  8          
  0  0  1     0      0  0  1     0      0  0 -1     0      0  0 -1     0    
  1  0  0     0     -1  0  0     0     -1  0  0     0      1  0  0     0    
  0  1  0     0      0 -1  0     0      0  1  0     0      0 -1  0     0    

        9                 10                 11                 12          
  0  1  0     0      0 -1  0     0      0  1  0     0      0 -1  0     0    
  0  0  1     0      0  0  1     0      0  0 -1     0      0  0 -1     0    
  1  0  0     0     -1  0  0     0     -1  0  0     0      1  0  0     0    

       13                 14                 15                 16          
 -1  0  0     0      1  0  0     0      1  0  0     0     -1  0  0     0    
  0 -1  0     0      0  1  0     0      0 -1  0     0      0  1  0     0    
  0  0 -1     0      0  0 -1     0      0  0  1     0      0  0  1     0    

       17                 18                 19                 20          
  0  0 -1     0      0  0 -1     0      0  0  1     0      0  0  1     0    
 -1  0  0     0      1  0  0     0      1  0  0     0     -1  0  0     0    
  0 -1  0     0      0  1  0     0      0 -1  0     0      0  1  0     0    

       21                 22                 23                 24          
  0 -1  0     0      0  1  0     0      0 -1  0     0      0  1  0     0    
  0  0 -1     0      0  0 -1     0      0  0  1     0      0  0  1     0    
 -1  0  0     0      1  0  0     0      1  0  0     0     -1  0  0     0    


k-vector 
  in primitive basis :                       -0.500  0.000  0.000
  in standard dual basis :                    0.000 -0.500 -0.500
The user label for this k-vector is:          N
The standard label for this k-vector is:      N


The star of the k-vector has the following 6 arms :
  0.000 -0.500 -0.500
 -0.000  0.500 -0.500
 -0.500 -0.500  0.000
  0.500 -0.500 -0.000
 -0.500  0.000 -0.500
  0.500 -0.000 -0.500


The little group of the k-vector has the following 4
elements as translation coset representatives :

        1                  2                  3                  4          
  1  0  0     0      1  0  0     0     -1  0  0     0     -1  0  0     0    
  0  1  0     0      0 -1  0     0      0 -1  0     0      0  1  0     0    
  0  0  1     0      0  0 -1     0      0  0 -1     0      0  0  1     0    


The space group has the following 6 elements as
coset representatives relative to the little group :

        1                  2                  3                  4          
  1  0  0     0     -1  0  0     0      0  0  1     0      0  0 -1     0    
  0  1  0     0      0 -1  0     0      1  0  0     0     -1  0  0     0    
  0  0  1     0      0  0  1     0      0  1  0     0      0  1  0     0    

        5                  6          
  0  1  0     0      0 -1  0     0    
  0  0  1     0      0  0  1     0    
  1  0  0     0     -1  0  0     0    


The little group of the k-vector has  4  allowed irreps.
The matrices, corresponding to all of the little group elements are :

 Irrep N_1+ ,  dimension 1
      1               2               3               4         
(1.000,  0.0)   (1.000,  0.0)   (1.000,  0.0)   (1.000,  0.0)   


 Irrep N_1- ,  dimension 1
      1               2               3               4         
(1.000,  0.0)   (1.000,  0.0)   (1.000,180.0)   (1.000,180.0)   


 Irrep N_2+ ,  dimension 1
      1               2               3               4         
(1.000,  0.0)   (1.000,180.0)   (1.000,  0.0)   (1.000,180.0)   


 Irrep N_2- ,  dimension 1
      1               2               3               4         
(1.000,  0.0)   (1.000,180.0)   (1.000,180.0)   (1.000,  0.0)   


General position characters:
Gen Pos:      1             2             3             4             5             6             7             8             9             10             11             12             13             14             15             16             17             18             19             20             21             22             23             24             
N_1+      (6.000,  0.0) (2.000,  0.0) (2.000,  0.0) (2.000,  0.0) (0.000,  0.0) (0.000,  0.0) (0.000,  0.0) (0.000,  0.0) (0.000,  0.0) (0.000,  0.0) (0.000,  0.0) (0.000,  0.0) (6.000,  0.0) (2.000,  0.0) (2.000,  0.0) (2.000,  0.0) (0.000,  0.0) (0.000,  0.0) (0.000,  0.0) (0.000,  0.0) (0.000,  0.0) (0.000,  0.0) (0.000,  0.0) (0.000,  0.0) 
N_1-      (6.000,  0.0) (2.000,  0.0) (2.000,  0.0) (2.000,  0.0) (0.000,  0.0) (0.000,  0.0) (0.000,  0.0) (0.000,  0.0) (0.000,  0.0) (0.000,  0.0) (0.000,  0.0) (0.000,  0.0) (6.000,180.0) (2.000,180.0) (2.000,180.0) (2.000,180.0) (0.000,  0.0) (0.000,  0.0) (0.000,  0.0) (0.000,  0.0) (0.000,  0.0) (0.000,  0.0) (0.000,  0.0) (0.000,  0.0) 
N_2+      (6.000,  0.0) (2.000,180.0) (2.000,180.0) (2.000,180.0) (0.000,  0.0) (0.000,  0.0) (0.000,  0.0) (0.000,  0.0) (0.000,  0.0) (0.000,  0.0) (0.000,  0.0) (0.000,  0.0) (6.000,  0.0) (2.000,180.0) (2.000,180.0) (2.000,180.0) (0.000,  0.0) (0.000,  0.0) (0.000,  0.0) (0.000,  0.0) (0.000,  0.0) (0.000,  0.0) (0.000,  0.0) (0.000,  0.0) 
N_2-      (6.000,  0.0) (2.000,180.0) (2.000,180.0) (2.000,180.0) (0.000,  0.0) (0.000,  0.0) (0.000,  0.0) (0.000,  0.0) (0.000,  0.0) (0.000,  0.0) (0.000,  0.0) (0.000,  0.0) (6.000,180.0) (2.000,  0.0) (2.000,  0.0) (2.000,  0.0) (0.000,  0.0) (0.000,  0.0) (0.000,  0.0) (0.000,  0.0) (0.000,  0.0) (0.000,  0.0) (0.000,  0.0) (0.000,  0.0) 


Physically-irreducible representations:
  *N_1+  *N_1-  *N_2+  *N_2-