Space group number 58 , Pnnm
Lattice type : oP

Number of generators : 4

        1                  2                  3                  4          
  1  0  0     0     -1  0  0     0     -1  0  0   1/2     -1  0  0     0    
  0  1  0     0      0 -1  0     0      0  1  0   1/2      0 -1  0     0    
  0  0  1     0      0  0  1     0      0  0 -1   1/2      0  0 -1     0    


Number of elements : 8

        1                  2                  3                  4          
  1  0  0     0     -1  0  0     0     -1  0  0   1/2      1  0  0   1/2    
  0  1  0     0      0 -1  0     0      0  1  0   1/2      0 -1  0   1/2    
  0  0  1     0      0  0  1     0      0  0 -1   1/2      0  0 -1   1/2    

        5                  6                  7                  8          
 -1  0  0     0      1  0  0     0      1  0  0  -1/2     -1  0  0  -1/2    
  0 -1  0     0      0  1  0     0      0 -1  0  -1/2      0  1  0  -1/2    
  0  0 -1     0      0  0 -1     0      0  0  1  -1/2      0  0  1  -1/2    


k-vector 
  in primitive basis :                       -0.500 -0.500  0.000
  in standard dual basis :                   -0.500 -0.500  0.000
The user label for this k-vector is:          S
The standard label for this k-vector is:      S


The star of the k-vector has the following 1 arms :
 -0.500 -0.500  0.000


The little group of the k-vector has the following 8
elements as translation coset representatives :

        1                  2                  3                  4          
  1  0  0     0     -1  0  0     0     -1  0  0   1/2      1  0  0   1/2    
  0  1  0     0      0 -1  0     0      0  1  0   1/2      0 -1  0   1/2    
  0  0  1     0      0  0  1     0      0  0 -1   1/2      0  0 -1   1/2    

        5                  6                  7                  8          
 -1  0  0     0      1  0  0     0      1  0  0  -1/2     -1  0  0  -1/2    
  0 -1  0     0      0  1  0     0      0 -1  0  -1/2      0  1  0  -1/2    
  0  0 -1     0      0  0 -1     0      0  0  1  -1/2      0  0  1  -1/2    


The space group has the following 1 elements as
coset representatives relative to the little group :

        1          
  1  0  0     0    
  0  1  0     0    
  0  0  1     0    


The little group of the k-vector has  8  allowed irreps.
The matrices, corresponding to all of the little group elements are :

 Irrep S_1+ ,  dimension 1
      1               2               3               4         
(1.000,  0.0)   (1.000,  0.0)   (1.000, 90.0)   (1.000, 90.0)   

      5               6               7               8         
(1.000,  0.0)   (1.000,  0.0)   (1.000, 90.0)   (1.000, 90.0)   


 Irrep S_1- ,  dimension 1
      1               2               3               4         
(1.000,  0.0)   (1.000,  0.0)   (1.000, 90.0)   (1.000, 90.0)   

      5               6               7               8         
(1.000,180.0)   (1.000,180.0)   (1.000,270.0)   (1.000,270.0)   


 Irrep S_2+ ,  dimension 1
      1               2               3               4         
(1.000,  0.0)   (1.000,  0.0)   (1.000,270.0)   (1.000,270.0)   

      5               6               7               8         
(1.000,  0.0)   (1.000,  0.0)   (1.000,270.0)   (1.000,270.0)   


 Irrep S_2- ,  dimension 1
      1               2               3               4         
(1.000,  0.0)   (1.000,  0.0)   (1.000,270.0)   (1.000,270.0)   

      5               6               7               8         
(1.000,180.0)   (1.000,180.0)   (1.000, 90.0)   (1.000, 90.0)   


 Irrep S_4+ ,  dimension 1
      1               2               3               4         
(1.000,  0.0)   (1.000,180.0)   (1.000, 90.0)   (1.000,270.0)   

      5               6               7               8         
(1.000,  0.0)   (1.000,180.0)   (1.000, 90.0)   (1.000,270.0)   


 Irrep S_4- ,  dimension 1
      1               2               3               4         
(1.000,  0.0)   (1.000,180.0)   (1.000, 90.0)   (1.000,270.0)   

      5               6               7               8         
(1.000,180.0)   (1.000,  0.0)   (1.000,270.0)   (1.000, 90.0)   


 Irrep S_3+ ,  dimension 1
      1               2               3               4         
(1.000,  0.0)   (1.000,180.0)   (1.000,270.0)   (1.000, 90.0)   

      5               6               7               8         
(1.000,  0.0)   (1.000,180.0)   (1.000,270.0)   (1.000, 90.0)   


 Irrep S_3- ,  dimension 1
      1               2               3               4         
(1.000,  0.0)   (1.000,180.0)   (1.000,270.0)   (1.000, 90.0)   

      5               6               7               8         
(1.000,180.0)   (1.000,  0.0)   (1.000, 90.0)   (1.000,270.0)   


General position characters:
Gen Pos:      1             2             3             4             5             6             7             8             
S_1+      (1.000,  0.0) (1.000,  0.0) (1.000, 90.0) (1.000, 90.0) (1.000,  0.0) (1.000,  0.0) (1.000, 90.0) (1.000, 90.0) 
S_1-      (1.000,  0.0) (1.000,  0.0) (1.000, 90.0) (1.000, 90.0) (1.000,180.0) (1.000,180.0) (1.000,270.0) (1.000,270.0) 
S_2+      (1.000,  0.0) (1.000,  0.0) (1.000,270.0) (1.000,270.0) (1.000,  0.0) (1.000,  0.0) (1.000,270.0) (1.000,270.0) 
S_2-      (1.000,  0.0) (1.000,  0.0) (1.000,270.0) (1.000,270.0) (1.000,180.0) (1.000,180.0) (1.000, 90.0) (1.000, 90.0) 
S_4+      (1.000,  0.0) (1.000,180.0) (1.000, 90.0) (1.000,270.0) (1.000,  0.0) (1.000,180.0) (1.000, 90.0) (1.000,270.0) 
S_4-      (1.000,  0.0) (1.000,180.0) (1.000, 90.0) (1.000,270.0) (1.000,180.0) (1.000,  0.0) (1.000,270.0) (1.000, 90.0) 
S_3+      (1.000,  0.0) (1.000,180.0) (1.000,270.0) (1.000, 90.0) (1.000,  0.0) (1.000,180.0) (1.000,270.0) (1.000, 90.0) 
S_3-      (1.000,  0.0) (1.000,180.0) (1.000,270.0) (1.000, 90.0) (1.000,180.0) (1.000,  0.0) (1.000, 90.0) (1.000,270.0) 


Physically-irreducible representations:
  *S_1++*S_2+  *S_1-+*S_2-  *S_4++*S_3+  *S_4-+*S_3-