Space group number 141 , I4_1/amd
Lattice type : tI

Number of generators : 5

        1                  2                  3                  4          
  1  0  0     0     -1  0  0   1/2      0 -1  0   1/4     -1  0  0   1/2    
  0  1  0     0      0 -1  0     0      1  0  0   3/4      0  1  0     0    
  0  0  1     0      0  0  1   1/2      0  0  1   1/4      0  0 -1   1/2    

        5          
 -1  0  0     0    
  0 -1  0     0    
  0  0 -1     0    


Number of elements : 16

        1                  2                  3                  4          
  1  0  0     0     -1  0  0   1/2      0 -1  0   1/4      0  1  0   1/4    
  0  1  0     0      0 -1  0     0      1  0  0   3/4     -1  0  0   5/4    
  0  0  1     0      0  0  1   1/2      0  0  1   1/4      0  0  1   3/4    

        5                  6                  7                  8          
 -1  0  0   1/2      1  0  0     0      0  1  0   1/4      0 -1  0   1/4    
  0  1  0     0      0 -1  0     0      1  0  0   3/4     -1  0  0   5/4    
  0  0 -1   1/2      0  0 -1     0      0  0 -1   1/4      0  0 -1  -1/4    

        9                 10                 11                 12          
 -1  0  0     0      1  0  0  -1/2      0  1  0  -1/4      0 -1  0  -1/4    
  0 -1  0     0      0  1  0     0     -1  0  0  -3/4      1  0  0  -5/4    
  0  0 -1     0      0  0 -1  -1/2      0  0 -1  -1/4      0  0 -1  -3/4    

       13                 14                 15                 16          
  1  0  0  -1/2     -1  0  0     0      0 -1  0  -1/4      0  1  0  -1/4    
  0 -1  0     0      0  1  0     0     -1  0  0  -3/4      1  0  0  -5/4    
  0  0  1  -1/2      0  0  1     0      0  0  1  -1/4      0  0  1   1/4    


k-vector 
  in primitive basis :                       -0.500 -0.500 -0.500
  in standard dual basis :                   -1.000 -1.000 -1.000
The user label for this k-vector is:          M
The standard label for this k-vector is:      M


The star of the k-vector has the following 1 arms :
 -1.000 -1.000 -1.000


The little group of the k-vector has the following 16
elements as translation coset representatives :

        1                  2                  3                  4          
  1  0  0     0     -1  0  0   1/2      0 -1  0   1/4      0  1  0   1/4    
  0  1  0     0      0 -1  0     0      1  0  0   3/4     -1  0  0   5/4    
  0  0  1     0      0  0  1   1/2      0  0  1   1/4      0  0  1   3/4    

        5                  6                  7                  8          
 -1  0  0   1/2      1  0  0     0      0  1  0   1/4      0 -1  0   1/4    
  0  1  0     0      0 -1  0     0      1  0  0   3/4     -1  0  0   5/4    
  0  0 -1   1/2      0  0 -1     0      0  0 -1   1/4      0  0 -1  -1/4    

        9                 10                 11                 12          
 -1  0  0     0      1  0  0  -1/2      0  1  0  -1/4      0 -1  0  -1/4    
  0 -1  0     0      0  1  0     0     -1  0  0  -3/4      1  0  0  -5/4    
  0  0 -1     0      0  0 -1  -1/2      0  0 -1  -1/4      0  0 -1  -3/4    

       13                 14                 15                 16          
  1  0  0  -1/2     -1  0  0     0      0 -1  0  -1/4      0  1  0  -1/4    
  0 -1  0     0      0  1  0     0     -1  0  0  -3/4      1  0  0  -5/4    
  0  0  1  -1/2      0  0  1     0      0  0  1  -1/4      0  0  1   1/4    


The space group has the following 1 elements as
coset representatives relative to the little group :

        1          
  1  0  0     0    
  0  1  0     0    
  0  0  1     0    


The little group of the k-vector has  4  allowed irreps.
The matrices, corresponding to all of the little group elements are :

 Irrep M_2 ,  dimension 2
             1                             2                
(1.000,  0.0) (0.000,  0.0)   (1.000,180.0) (0.000,  0.0)   
(0.000,  0.0) (1.000,  0.0)   (0.000,  0.0) (1.000,180.0)   

             3                             4                
(1.000, 90.0) (0.000,  0.0)   (1.000,270.0) (0.000,  0.0)   
(0.000,  0.0) (1.000,270.0)   (0.000,  0.0) (1.000, 90.0)   

             5                             6                
(0.000,  0.0) (1.000,  0.0)   (0.000,  0.0) (1.000,180.0)   
(1.000,  0.0) (0.000,  0.0)   (1.000,180.0) (0.000,  0.0)   

             7                             8                
(0.000,  0.0) (1.000,270.0)   (0.000,  0.0) (1.000, 90.0)   
(1.000, 90.0) (0.000,  0.0)   (1.000,270.0) (0.000,  0.0)   

             9                            10                
(0.000,  0.0) (1.000,  0.0)   (0.000,  0.0) (1.000,180.0)   
(1.000,  0.0) (0.000,  0.0)   (1.000,180.0) (0.000,  0.0)   

            11                            12                
(0.000,  0.0) (1.000,270.0)   (0.000,  0.0) (1.000, 90.0)   
(1.000, 90.0) (0.000,  0.0)   (1.000,270.0) (0.000,  0.0)   

            13                            14                
(1.000,  0.0) (0.000,  0.0)   (1.000,180.0) (0.000,  0.0)   
(0.000,  0.0) (1.000,  0.0)   (0.000,  0.0) (1.000,180.0)   

            15                            16                
(1.000, 90.0) (0.000,  0.0)   (1.000,270.0) (0.000,  0.0)   
(0.000,  0.0) (1.000,270.0)   (0.000,  0.0) (1.000, 90.0)   


 Irrep M_1 ,  dimension 2
             1                             2                
(1.000,  0.0) (0.000,  0.0)   (1.000,180.0) (0.000,  0.0)   
(0.000,  0.0) (1.000,  0.0)   (0.000,  0.0) (1.000,180.0)   

             3                             4                
(1.000, 90.0) (0.000,  0.0)   (1.000,270.0) (0.000,  0.0)   
(0.000,  0.0) (1.000,270.0)   (0.000,  0.0) (1.000, 90.0)   

             5                             6                
(0.000,  0.0) (1.000,  0.0)   (0.000,  0.0) (1.000,180.0)   
(1.000,  0.0) (0.000,  0.0)   (1.000,180.0) (0.000,  0.0)   

             7                             8                
(0.000,  0.0) (1.000,270.0)   (0.000,  0.0) (1.000, 90.0)   
(1.000, 90.0) (0.000,  0.0)   (1.000,270.0) (0.000,  0.0)   

             9                            10                
(0.000,  0.0) (1.000,180.0)   (0.000,  0.0) (1.000,  0.0)   
(1.000,180.0) (0.000,  0.0)   (1.000,  0.0) (0.000,  0.0)   

            11                            12                
(0.000,  0.0) (1.000, 90.0)   (0.000,  0.0) (1.000,270.0)   
(1.000,270.0) (0.000,  0.0)   (1.000, 90.0) (0.000,  0.0)   

            13                            14                
(1.000,180.0) (0.000,  0.0)   (1.000,  0.0) (0.000,  0.0)   
(0.000,  0.0) (1.000,180.0)   (0.000,  0.0) (1.000,  0.0)   

            15                            16                
(1.000,270.0) (0.000,  0.0)   (1.000, 90.0) (0.000,  0.0)   
(0.000,  0.0) (1.000, 90.0)   (0.000,  0.0) (1.000,270.0)   


 Irrep M_3 ,  dimension 2
             1                             2                
(1.000,  0.0) (0.000,  0.0)   (1.000,  0.0) (0.000,  0.0)   
(0.000,  0.0) (1.000,  0.0)   (0.000,  0.0) (1.000,  0.0)   

             3                             4                
(1.000,180.0) (0.000,  0.0)   (1.000,180.0) (0.000,  0.0)   
(0.000,  0.0) (1.000,  0.0)   (0.000,  0.0) (1.000,  0.0)   

             5                             6                
(1.000,  0.0) (0.000,  0.0)   (1.000,  0.0) (0.000,  0.0)   
(0.000,  0.0) (1.000,  0.0)   (0.000,  0.0) (1.000,  0.0)   

             7                             8                
(1.000,180.0) (0.000,  0.0)   (1.000,180.0) (0.000,  0.0)   
(0.000,  0.0) (1.000,  0.0)   (0.000,  0.0) (1.000,  0.0)   

             9                            10                
(0.000,  0.0) (1.000,  0.0)   (0.000,  0.0) (1.000,  0.0)   
(1.000,  0.0) (0.000,  0.0)   (1.000,  0.0) (0.000,  0.0)   

            11                            12                
(0.000,  0.0) (1.000,  0.0)   (0.000,  0.0) (1.000,  0.0)   
(1.000,180.0) (0.000,  0.0)   (1.000,180.0) (0.000,  0.0)   

            13                            14                
(0.000,  0.0) (1.000,  0.0)   (0.000,  0.0) (1.000,  0.0)   
(1.000,  0.0) (0.000,  0.0)   (1.000,  0.0) (0.000,  0.0)   

            15                            16                
(0.000,  0.0) (1.000,  0.0)   (0.000,  0.0) (1.000,  0.0)   
(1.000,180.0) (0.000,  0.0)   (1.000,180.0) (0.000,  0.0)   


 Irrep M_4 ,  dimension 2
             1                             2                
(1.000,  0.0) (0.000,  0.0)   (1.000,  0.0) (0.000,  0.0)   
(0.000,  0.0) (1.000,  0.0)   (0.000,  0.0) (1.000,  0.0)   

             3                             4                
(1.000,180.0) (0.000,  0.0)   (1.000,180.0) (0.000,  0.0)   
(0.000,  0.0) (1.000,  0.0)   (0.000,  0.0) (1.000,  0.0)   

             5                             6                
(1.000,180.0) (0.000,  0.0)   (1.000,180.0) (0.000,  0.0)   
(0.000,  0.0) (1.000,180.0)   (0.000,  0.0) (1.000,180.0)   

             7                             8                
(1.000,  0.0) (0.000,  0.0)   (1.000,  0.0) (0.000,  0.0)   
(0.000,  0.0) (1.000,180.0)   (0.000,  0.0) (1.000,180.0)   

             9                            10                
(0.000,  0.0) (1.000,  0.0)   (0.000,  0.0) (1.000,  0.0)   
(1.000,  0.0) (0.000,  0.0)   (1.000,  0.0) (0.000,  0.0)   

            11                            12                
(0.000,  0.0) (1.000,  0.0)   (0.000,  0.0) (1.000,  0.0)   
(1.000,180.0) (0.000,  0.0)   (1.000,180.0) (0.000,  0.0)   

            13                            14                
(0.000,  0.0) (1.000,180.0)   (0.000,  0.0) (1.000,180.0)   
(1.000,180.0) (0.000,  0.0)   (1.000,180.0) (0.000,  0.0)   

            15                            16                
(0.000,  0.0) (1.000,180.0)   (0.000,  0.0) (1.000,180.0)   
(1.000,  0.0) (0.000,  0.0)   (1.000,  0.0) (0.000,  0.0)   


General position characters:
Gen Pos:      1             2             3             4             5             6             7             8             9             10             11             12             13             14             15             16             
M_2      (2.000,  0.0) (2.000,180.0) (0.000,  0.0) (0.000,  0.0) (0.000,  0.0) (0.000,  0.0) (0.000,  0.0) (0.000,  0.0) (0.000,  0.0) (0.000,  0.0) (0.000,  0.0) (0.000,  0.0) (2.000,  0.0) (2.000,180.0) (0.000,  0.0) (0.000,  0.0) 
M_1      (2.000,  0.0) (2.000,180.0) (0.000,  0.0) (0.000,  0.0) (0.000,  0.0) (0.000,  0.0) (0.000,  0.0) (0.000,  0.0) (0.000,  0.0) (0.000,  0.0) (0.000,  0.0) (0.000,  0.0) (2.000,180.0) (2.000,  0.0) (0.000,  0.0) (0.000,  0.0) 
M_3      (2.000,  0.0) (2.000,  0.0) (0.000,  0.0) (0.000,  0.0) (2.000,  0.0) (2.000,  0.0) (0.000,  0.0) (0.000,  0.0) (0.000,  0.0) (0.000,  0.0) (0.000,  0.0) (0.000,  0.0) (0.000,  0.0) (0.000,  0.0) (0.000,  0.0) (0.000,  0.0) 
M_4      (2.000,  0.0) (2.000,  0.0) (0.000,  0.0) (0.000,  0.0) (2.000,180.0) (2.000,180.0) (0.000,  0.0) (0.000,  0.0) (0.000,  0.0) (0.000,  0.0) (0.000,  0.0) (0.000,  0.0) (0.000,  0.0) (0.000,  0.0) (0.000,  0.0) (0.000,  0.0) 


Physically-irreducible representations:
  *M_2  *M_1  *M_3  *M_4