Space group number 195 , P23
Lattice type : cP

Number of generators : 4

        1                  2                  3                  4          
  1  0  0     0     -1  0  0     0     -1  0  0     0      0  0  1     0    
  0  1  0     0      0 -1  0     0      0  1  0     0      1  0  0     0    
  0  0  1     0      0  0  1     0      0  0 -1     0      0  1  0     0    


Number of elements : 12

        1                  2                  3                  4          
  1  0  0     0     -1  0  0     0     -1  0  0     0      1  0  0     0    
  0  1  0     0      0 -1  0     0      0  1  0     0      0 -1  0     0    
  0  0  1     0      0  0  1     0      0  0 -1     0      0  0 -1     0    

        5                  6                  7                  8          
  0  0  1     0      0  0  1     0      0  0 -1     0      0  0 -1     0    
  1  0  0     0     -1  0  0     0     -1  0  0     0      1  0  0     0    
  0  1  0     0      0 -1  0     0      0  1  0     0      0 -1  0     0    

        9                 10                 11                 12          
  0  1  0     0      0 -1  0     0      0  1  0     0      0 -1  0     0    
  0  0  1     0      0  0  1     0      0  0 -1     0      0  0 -1     0    
  1  0  0     0     -1  0  0     0     -1  0  0     0      1  0  0     0    


k-vector 
  in primitive basis :                       -0.500 -0.500 -0.500
  in standard dual basis :                   -0.500 -0.500 -0.500
The user label for this k-vector is:          R
The standard label for this k-vector is:      R


The star of the k-vector has the following 1 arms :
 -0.500 -0.500 -0.500


The little group of the k-vector has the following 12
elements as translation coset representatives :

        1                  2                  3                  4          
  1  0  0     0     -1  0  0     0     -1  0  0     0      1  0  0     0    
  0  1  0     0      0 -1  0     0      0  1  0     0      0 -1  0     0    
  0  0  1     0      0  0  1     0      0  0 -1     0      0  0 -1     0    

        5                  6                  7                  8          
  0  0  1     0      0  0  1     0      0  0 -1     0      0  0 -1     0    
  1  0  0     0     -1  0  0     0     -1  0  0     0      1  0  0     0    
  0  1  0     0      0 -1  0     0      0  1  0     0      0 -1  0     0    

        9                 10                 11                 12          
  0  1  0     0      0 -1  0     0      0  1  0     0      0 -1  0     0    
  0  0  1     0      0  0  1     0      0  0 -1     0      0  0 -1     0    
  1  0  0     0     -1  0  0     0     -1  0  0     0      1  0  0     0    


The space group has the following 1 elements as
coset representatives relative to the little group :

        1          
  1  0  0     0    
  0  1  0     0    
  0  0  1     0    


The little group of the k-vector has  4  allowed irreps.
The matrices, corresponding to all of the little group elements are :

 Irrep R_1 ,  dimension 1
      1               2               3               4         
(1.000,  0.0)   (1.000,  0.0)   (1.000,  0.0)   (1.000,  0.0)   

      5               6               7               8         
(1.000,  0.0)   (1.000,  0.0)   (1.000,  0.0)   (1.000,  0.0)   

      9              10              11              12         
(1.000,  0.0)   (1.000,  0.0)   (1.000,  0.0)   (1.000,  0.0)   


 Irrep R_2 ,  dimension 1
      1               2               3               4         
(1.000,  0.0)   (1.000,  0.0)   (1.000,  0.0)   (1.000,  0.0)   

      5               6               7               8         
(1.000,120.0)   (1.000,120.0)   (1.000,120.0)   (1.000,120.0)   

      9              10              11              12         
(1.000,240.0)   (1.000,240.0)   (1.000,240.0)   (1.000,240.0)   


 Irrep R_3 ,  dimension 1
      1               2               3               4         
(1.000,  0.0)   (1.000,  0.0)   (1.000,  0.0)   (1.000,  0.0)   

      5               6               7               8         
(1.000,240.0)   (1.000,240.0)   (1.000,240.0)   (1.000,240.0)   

      9              10              11              12         
(1.000,120.0)   (1.000,120.0)   (1.000,120.0)   (1.000,120.0)   


 Irrep R_4 ,  dimension 3
                    1                       
(1.000,  0.0) (0.000,  0.0) (0.000,  0.0)   
(0.000,  0.0) (1.000,  0.0) (0.000,  0.0)   
(0.000,  0.0) (0.000,  0.0) (1.000,  0.0)   

                    2                       
(1.000,  0.0) (0.000,  0.0) (0.000,  0.0)   
(0.000,  0.0) (1.000,180.0) (0.000,  0.0)   
(0.000,  0.0) (0.000,  0.0) (1.000,180.0)   

                    3                       
(1.000,180.0) (0.000,  0.0) (0.000,  0.0)   
(0.000,  0.0) (1.000,180.0) (0.000,  0.0)   
(0.000,  0.0) (0.000,  0.0) (1.000,  0.0)   

                    4                       
(1.000,180.0) (0.000,  0.0) (0.000,  0.0)   
(0.000,  0.0) (1.000,  0.0) (0.000,  0.0)   
(0.000,  0.0) (0.000,  0.0) (1.000,180.0)   

                    5                       
(0.000,  0.0) (0.000,  0.0) (1.000,  0.0)   
(1.000,  0.0) (0.000,  0.0) (0.000,  0.0)   
(0.000,  0.0) (1.000,  0.0) (0.000,  0.0)   

                    6                       
(0.000,  0.0) (0.000,  0.0) (1.000,180.0)   
(1.000,  0.0) (0.000,  0.0) (0.000,  0.0)   
(0.000,  0.0) (1.000,180.0) (0.000,  0.0)   

                    7                       
(0.000,  0.0) (0.000,  0.0) (1.000,  0.0)   
(1.000,180.0) (0.000,  0.0) (0.000,  0.0)   
(0.000,  0.0) (1.000,180.0) (0.000,  0.0)   

                    8                       
(0.000,  0.0) (0.000,  0.0) (1.000,180.0)   
(1.000,180.0) (0.000,  0.0) (0.000,  0.0)   
(0.000,  0.0) (1.000,  0.0) (0.000,  0.0)   

                    9                       
(0.000,  0.0) (1.000,  0.0) (0.000,  0.0)   
(0.000,  0.0) (0.000,  0.0) (1.000,  0.0)   
(1.000,  0.0) (0.000,  0.0) (0.000,  0.0)   

                   10                       
(0.000,  0.0) (1.000,180.0) (0.000,  0.0)   
(0.000,  0.0) (0.000,  0.0) (1.000,180.0)   
(1.000,  0.0) (0.000,  0.0) (0.000,  0.0)   

                   11                       
(0.000,  0.0) (1.000,180.0) (0.000,  0.0)   
(0.000,  0.0) (0.000,  0.0) (1.000,  0.0)   
(1.000,180.0) (0.000,  0.0) (0.000,  0.0)   

                   12                       
(0.000,  0.0) (1.000,  0.0) (0.000,  0.0)   
(0.000,  0.0) (0.000,  0.0) (1.000,180.0)   
(1.000,180.0) (0.000,  0.0) (0.000,  0.0)   


General position characters:
Gen Pos:      1             2             3             4             5             6             7             8             9             10             11             12             
R_1      (1.000,  0.0) (1.000,  0.0) (1.000,  0.0) (1.000,  0.0) (1.000,  0.0) (1.000,  0.0) (1.000,  0.0) (1.000,  0.0) (1.000,  0.0) (1.000,  0.0) (1.000,  0.0) (1.000,  0.0) 
R_2      (1.000,  0.0) (1.000,  0.0) (1.000,  0.0) (1.000,  0.0) (1.000,120.0) (1.000,120.0) (1.000,120.0) (1.000,120.0) (1.000,240.0) (1.000,240.0) (1.000,240.0) (1.000,240.0) 
R_3      (1.000,  0.0) (1.000,  0.0) (1.000,  0.0) (1.000,  0.0) (1.000,240.0) (1.000,240.0) (1.000,240.0) (1.000,240.0) (1.000,120.0) (1.000,120.0) (1.000,120.0) (1.000,120.0) 
R_4      (3.000,  0.0) (1.000,180.0) (1.000,180.0) (1.000,180.0) (0.000,  0.0) (0.000,  0.0) (0.000,  0.0) (0.000,  0.0) (0.000,  0.0) (0.000,  0.0) (0.000,  0.0) (0.000,  0.0) 


Physically-irreducible representations:
  *R_1  *R_2+*R_3  *R_4