Space group number 89 , P422
Lattice type : tP

Number of generators : 4

        1                  2                  3                  4          
  1  0  0     0     -1  0  0     0      0 -1  0     0     -1  0  0     0    
  0  1  0     0      0 -1  0     0      1  0  0     0      0  1  0     0    
  0  0  1     0      0  0  1     0      0  0  1     0      0  0 -1     0    


Number of elements : 8

        1                  2                  3                  4          
  1  0  0     0     -1  0  0     0      0 -1  0     0      0  1  0     0    
  0  1  0     0      0 -1  0     0      1  0  0     0     -1  0  0     0    
  0  0  1     0      0  0  1     0      0  0  1     0      0  0  1     0    

        5                  6                  7                  8          
 -1  0  0     0      1  0  0     0      0  1  0     0      0 -1  0     0    
  0  1  0     0      0 -1  0     0      1  0  0     0     -1  0  0     0    
  0  0 -1     0      0  0 -1     0      0  0 -1     0      0  0 -1     0    


k-vector 
  in primitive basis :                        0.000  0.000  0.000
  in standard dual basis :                    0.000  0.000  0.000
The user label for this k-vector is:          GM
The standard label for this k-vector is:      GM


The star of the k-vector has the following 1 arms :
  0.000  0.000  0.000


The little group of the k-vector has the following 8
elements as translation coset representatives :

        1                  2                  3                  4          
  1  0  0     0     -1  0  0     0      0 -1  0     0      0  1  0     0    
  0  1  0     0      0 -1  0     0      1  0  0     0     -1  0  0     0    
  0  0  1     0      0  0  1     0      0  0  1     0      0  0  1     0    

        5                  6                  7                  8          
 -1  0  0     0      1  0  0     0      0  1  0     0      0 -1  0     0    
  0  1  0     0      0 -1  0     0      1  0  0     0     -1  0  0     0    
  0  0 -1     0      0  0 -1     0      0  0 -1     0      0  0 -1     0    


The space group has the following 1 elements as
coset representatives relative to the little group :

        1          
  1  0  0     0    
  0  1  0     0    
  0  0  1     0    


The little group of the k-vector has  5  allowed irreps.
The matrices, corresponding to all of the little group elements are :

 Irrep GM_1 ,  dimension 1
      1               2               3               4         
(1.000,  0.0)   (1.000,  0.0)   (1.000,  0.0)   (1.000,  0.0)   

      5               6               7               8         
(1.000,  0.0)   (1.000,  0.0)   (1.000,  0.0)   (1.000,  0.0)   


 Irrep GM_3 ,  dimension 1
      1               2               3               4         
(1.000,  0.0)   (1.000,  0.0)   (1.000,  0.0)   (1.000,  0.0)   

      5               6               7               8         
(1.000,180.0)   (1.000,180.0)   (1.000,180.0)   (1.000,180.0)   


 Irrep GM_2 ,  dimension 1
      1               2               3               4         
(1.000,  0.0)   (1.000,  0.0)   (1.000,180.0)   (1.000,180.0)   

      5               6               7               8         
(1.000,  0.0)   (1.000,  0.0)   (1.000,180.0)   (1.000,180.0)   


 Irrep GM_4 ,  dimension 1
      1               2               3               4         
(1.000,  0.0)   (1.000,  0.0)   (1.000,180.0)   (1.000,180.0)   

      5               6               7               8         
(1.000,180.0)   (1.000,180.0)   (1.000,  0.0)   (1.000,  0.0)   


 Irrep GM_5 ,  dimension 2
             1                             2                
(1.000,  0.0) (0.000,  0.0)   (1.000,180.0) (0.000,  0.0)   
(0.000,  0.0) (1.000,  0.0)   (0.000,  0.0) (1.000,180.0)   

             3                             4                
(1.000, 90.0) (0.000,  0.0)   (1.000,270.0) (0.000,  0.0)   
(0.000,  0.0) (1.000,270.0)   (0.000,  0.0) (1.000, 90.0)   

             5                             6                
(0.000,  0.0) (1.000,  0.0)   (0.000,  0.0) (1.000,180.0)   
(1.000,  0.0) (0.000,  0.0)   (1.000,180.0) (0.000,  0.0)   

             7                             8                
(0.000,  0.0) (1.000,270.0)   (0.000,  0.0) (1.000, 90.0)   
(1.000, 90.0) (0.000,  0.0)   (1.000,270.0) (0.000,  0.0)   


General position characters:
Gen Pos:      1             2             3             4             5             6             7             8             
GM_1      (1.000,  0.0) (1.000,  0.0) (1.000,  0.0) (1.000,  0.0) (1.000,  0.0) (1.000,  0.0) (1.000,  0.0) (1.000,  0.0) 
GM_3      (1.000,  0.0) (1.000,  0.0) (1.000,  0.0) (1.000,  0.0) (1.000,180.0) (1.000,180.0) (1.000,180.0) (1.000,180.0) 
GM_2      (1.000,  0.0) (1.000,  0.0) (1.000,180.0) (1.000,180.0) (1.000,  0.0) (1.000,  0.0) (1.000,180.0) (1.000,180.0) 
GM_4      (1.000,  0.0) (1.000,  0.0) (1.000,180.0) (1.000,180.0) (1.000,180.0) (1.000,180.0) (1.000,  0.0) (1.000,  0.0) 
GM_5      (2.000,  0.0) (2.000,180.0) (0.000,  0.0) (0.000,  0.0) (0.000,  0.0) (0.000,  0.0) (0.000,  0.0) (0.000,  0.0) 


Physically-irreducible representations:
  *GM_1  *GM_3  *GM_2  *GM_4  *GM_5