Space group number 219 , F-43c
Lattice type : cF

Number of generators : 5

        1                  2                  3                  4          
  1  0  0     0     -1  0  0     0     -1  0  0     0      0  0  1     0    
  0  1  0     0      0 -1  0     0      0  1  0     0      1  0  0     0    
  0  0  1     0      0  0  1     0      0  0 -1     0      0  1  0     0    

        5          
  0  1  0   1/2    
  1  0  0   1/2    
  0  0  1   1/2    


Number of elements : 24

        1                  2                  3                  4          
  1  0  0     0     -1  0  0     0     -1  0  0     0      1  0  0     0    
  0  1  0     0      0 -1  0     0      0  1  0     0      0 -1  0     0    
  0  0  1     0      0  0  1     0      0  0 -1     0      0  0 -1     0    

        5                  6                  7                  8          
  0  0  1     0      0  0  1     0      0  0 -1     0      0  0 -1     0    
  1  0  0     0     -1  0  0     0     -1  0  0     0      1  0  0     0    
  0  1  0     0      0 -1  0     0      0  1  0     0      0 -1  0     0    

        9                 10                 11                 12          
  0  1  0     0      0 -1  0     0      0  1  0     0      0 -1  0     0    
  0  0  1     0      0  0  1     0      0  0 -1     0      0  0 -1     0    
  1  0  0     0     -1  0  0     0     -1  0  0     0      1  0  0     0    

       13                 14                 15                 16          
  0  1  0   1/2      0 -1  0   1/2      0  1  0   1/2      0 -1  0   1/2    
  1  0  0   1/2     -1  0  0   1/2     -1  0  0   1/2      1  0  0   1/2    
  0  0  1   1/2      0  0  1   1/2      0  0 -1   1/2      0  0 -1   1/2    

       17                 18                 19                 20          
  1  0  0   1/2     -1  0  0   1/2     -1  0  0   1/2      1  0  0   1/2    
  0  0  1   1/2      0  0  1   1/2      0  0 -1   1/2      0  0 -1   1/2    
  0  1  0   1/2      0 -1  0   1/2      0  1  0   1/2      0 -1  0   1/2    

       21                 22                 23                 24          
  0  0  1   1/2      0  0  1   1/2      0  0 -1   1/2      0  0 -1   1/2    
  0  1  0   1/2      0 -1  0   1/2      0  1  0   1/2      0 -1  0   1/2    
  1  0  0   1/2     -1  0  0   1/2     -1  0  0   1/2      1  0  0   1/2    


k-vector 
  in primitive basis :                       -0.500 -0.500 -0.500
  in standard dual basis :                   -0.500 -0.500 -0.500
The user label for this k-vector is:          LD
The standard label for this k-vector is:      LD


The star of the k-vector has the following 4 arms :
 -0.500 -0.500 -0.500
  0.500  0.500 -0.500
  0.500 -0.500  0.500
 -0.500  0.500  0.500


The little group of the k-vector has the following 6
elements as translation coset representatives :

        1                  2                  3                  4          
  1  0  0     0      0  0  1     0      0  1  0     0      0  1  0   1/2    
  0  1  0     0      1  0  0     0      0  0  1     0      1  0  0   1/2    
  0  0  1     0      0  1  0     0      1  0  0     0      0  0  1   1/2    

        5                  6          
  1  0  0   1/2      0  0  1   1/2    
  0  0  1   1/2      0  1  0   1/2    
  0  1  0   1/2      1  0  0   1/2    


The space group has the following 4 elements as
coset representatives relative to the little group :

        1                  2                  3                  4          
  1  0  0     0     -1  0  0     0     -1  0  0     0      1  0  0     0    
  0  1  0     0      0 -1  0     0      0  1  0     0      0 -1  0     0    
  0  0  1     0      0  0  1     0      0  0 -1     0      0  0 -1     0    


The little group of the k-vector has  3  allowed irreps.
The matrices, corresponding to all of the little group elements are :

 Irrep LD_2 ,  dimension 1
      1               2               3               4         
(1.000,  0.0)   (1.000,  0.0)   (1.000,  0.0)   (1.000, 90.0)   

      5               6         
(1.000, 90.0)   (1.000, 90.0)   


 Irrep LD_1 ,  dimension 1
      1               2               3               4         
(1.000,  0.0)   (1.000,  0.0)   (1.000,  0.0)   (1.000,270.0)   

      5               6         
(1.000,270.0)   (1.000,270.0)   


 Irrep LD_3 ,  dimension 2
             1                             2                
(1.000,  0.0) (0.000,  0.0)   (1.000,120.0) (0.000,  0.0)   
(0.000,  0.0) (1.000,  0.0)   (0.000,  0.0) (1.000,240.0)   

             3                             4                
(1.000,240.0) (0.000,  0.0)   (0.000,  0.0) (1.000,180.0)   
(0.000,  0.0) (1.000,120.0)   (1.000,  0.0) (0.000,  0.0)   

             5                             6                
(0.000,  0.0) (1.000, 60.0)   (0.000,  0.0) (1.000,300.0)   
(1.000,120.0) (0.000,  0.0)   (1.000,240.0) (0.000,  0.0)   


General position characters:
Gen Pos:      1             2             3             4             5             6             7             8             9             10             11             12             13             14             15             16             17             18             19             20             21             22             23             24             
LD_2      (4.000,  0.0) (0.000,  0.0) (0.000,  0.0) (0.000,  0.0) (1.000,  0.0) (1.000,  0.0) (1.000,  0.0) (1.000,  0.0) (1.000,  0.0) (1.000,  0.0) (1.000,  0.0) (1.000,  0.0) (2.000, 90.0) (2.000, 90.0) (0.000,  0.0) (0.000,  0.0) (2.000, 90.0) (0.000,  0.0) (0.000,  0.0) (2.000, 90.0) (2.000, 90.0) (0.000,  0.0) (2.000, 90.0) (0.000,  0.0) 
LD_1      (4.000,  0.0) (0.000,  0.0) (0.000,  0.0) (0.000,  0.0) (1.000,  0.0) (1.000,  0.0) (1.000,  0.0) (1.000,  0.0) (1.000,  0.0) (1.000,  0.0) (1.000,  0.0) (1.000,  0.0) (2.000,270.0) (2.000,270.0) (0.000,  0.0) (0.000,  0.0) (2.000,270.0) (0.000,  0.0) (0.000,  0.0) (2.000,270.0) (2.000,270.0) (0.000,  0.0) (2.000,270.0) (0.000,  0.0) 
LD_3      (8.000,  0.0) (0.000,  0.0) (0.000,  0.0) (0.000,  0.0) (1.000,180.0) (1.000,180.0) (1.000,180.0) (1.000,180.0) (1.000,180.0) (1.000,180.0) (1.000,180.0) (1.000,180.0) (0.000,  0.0) (0.000,  0.0) (0.000,  0.0) (0.000,  0.0) (0.000,  0.0) (0.000,  0.0) (0.000,  0.0) (0.000,  0.0) (0.000,  0.0) (0.000,  0.0) (0.000,  0.0) (0.000,  0.0) 


Physically-irreducible representations:
  *LD_2+*LD_1  *LD_3+*LD_3