Space group number 194 , P6_3/mmc
Lattice type : hP

Number of generators : 5

        1                  2                  3                  4          
  1  0  0     0      0 -1  0     0     -1  0  0     0      0  1  0     0    
  0  1  0     0      1 -1  0     0      0 -1  0     0      1  0  0     0    
  0  0  1     0      0  0  1     0      0  0  1   1/2      0  0 -1     0    

        5          
 -1  0  0     0    
  0 -1  0     0    
  0  0 -1     0    


Number of elements : 24

        1                  2                  3                  4          
  1  0  0     0      0 -1  0     0     -1  1  0     0     -1  0  0     0    
  0  1  0     0      1 -1  0     0     -1  0  0     0      0 -1  0     0    
  0  0  1     0      0  0  1     0      0  0  1     0      0  0  1   1/2    

        5                  6                  7                  8          
  0  1  0     0      1 -1  0     0      0  1  0     0      1 -1  0     0    
 -1  1  0     0      1  0  0     0      1  0  0     0      0 -1  0     0    
  0  0  1   1/2      0  0  1   1/2      0  0 -1     0      0  0 -1     0    

        9                 10                 11                 12          
 -1  0  0     0      0 -1  0     0     -1  1  0     0      1  0  0     0    
 -1  1  0     0     -1  0  0     0      0  1  0     0      1 -1  0     0    
  0  0 -1     0      0  0 -1  -1/2      0  0 -1  -1/2      0  0 -1  -1/2    

       13                 14                 15                 16          
 -1  0  0     0      0  1  0     0      1 -1  0     0      1  0  0     0    
  0 -1  0     0     -1  1  0     0      1  0  0     0      0  1  0     0    
  0  0 -1     0      0  0 -1     0      0  0 -1     0      0  0 -1  -1/2    

       17                 18                 19                 20          
  0 -1  0     0     -1  1  0     0      0 -1  0     0     -1  1  0     0    
  1 -1  0     0     -1  0  0     0     -1  0  0     0      0  1  0     0    
  0  0 -1  -1/2      0  0 -1  -1/2      0  0  1     0      0  0  1     0    

       21                 22                 23                 24          
  1  0  0     0      0  1  0     0      1 -1  0     0     -1  0  0     0    
  1 -1  0     0      1  0  0     0      0 -1  0     0     -1  1  0     0    
  0  0  1     0      0  0  1   1/2      0  0  1   1/2      0  0  1   1/2    


k-vector 
  in primitive basis :                        0.000  0.000 -0.500
  in standard dual basis :                    0.000  0.000 -0.500
The user label for this k-vector is:          A
The standard label for this k-vector is:      A


The star of the k-vector has the following 1 arms :
  0.000  0.000 -0.500


The little group of the k-vector has the following 24
elements as translation coset representatives :

        1                  2                  3                  4          
  1  0  0     0      0 -1  0     0     -1  1  0     0     -1  0  0     0    
  0  1  0     0      1 -1  0     0     -1  0  0     0      0 -1  0     0    
  0  0  1     0      0  0  1     0      0  0  1     0      0  0  1   1/2    

        5                  6                  7                  8          
  0  1  0     0      1 -1  0     0      0  1  0     0      1 -1  0     0    
 -1  1  0     0      1  0  0     0      1  0  0     0      0 -1  0     0    
  0  0  1   1/2      0  0  1   1/2      0  0 -1     0      0  0 -1     0    

        9                 10                 11                 12          
 -1  0  0     0      0 -1  0     0     -1  1  0     0      1  0  0     0    
 -1  1  0     0     -1  0  0     0      0  1  0     0      1 -1  0     0    
  0  0 -1     0      0  0 -1  -1/2      0  0 -1  -1/2      0  0 -1  -1/2    

       13                 14                 15                 16          
 -1  0  0     0      0  1  0     0      1 -1  0     0      1  0  0     0    
  0 -1  0     0     -1  1  0     0      1  0  0     0      0  1  0     0    
  0  0 -1     0      0  0 -1     0      0  0 -1     0      0  0 -1  -1/2    

       17                 18                 19                 20          
  0 -1  0     0     -1  1  0     0      0 -1  0     0     -1  1  0     0    
  1 -1  0     0     -1  0  0     0     -1  0  0     0      0  1  0     0    
  0  0 -1  -1/2      0  0 -1  -1/2      0  0  1     0      0  0  1     0    

       21                 22                 23                 24          
  1  0  0     0      0  1  0     0      1 -1  0     0     -1  0  0     0    
  1 -1  0     0      1  0  0     0      0 -1  0     0     -1  1  0     0    
  0  0  1     0      0  0  1   1/2      0  0  1   1/2      0  0  1   1/2    


The space group has the following 1 elements as
coset representatives relative to the little group :

        1          
  1  0  0     0    
  0  1  0     0    
  0  0  1     0    


The little group of the k-vector has  3  allowed irreps.
The matrices, corresponding to all of the little group elements are :

 Irrep A_1 ,  dimension 2
             1                             2                
(1.000,  0.0) (0.000,  0.0)   (1.000,  0.0) (0.000,  0.0)   
(0.000,  0.0) (1.000,  0.0)   (0.000,  0.0) (1.000,  0.0)   

             3                             4                
(1.000,  0.0) (0.000,  0.0)   (1.000, 90.0) (0.000,  0.0)   
(0.000,  0.0) (1.000,  0.0)   (0.000,  0.0) (1.000,270.0)   

             5                             6                
(1.000, 90.0) (0.000,  0.0)   (1.000, 90.0) (0.000,  0.0)   
(0.000,  0.0) (1.000,270.0)   (0.000,  0.0) (1.000,270.0)   

             7                             8                
(0.000,  0.0) (1.000,  0.0)   (0.000,  0.0) (1.000,  0.0)   
(1.000,  0.0) (0.000,  0.0)   (1.000,  0.0) (0.000,  0.0)   

             9                            10                
(0.000,  0.0) (1.000,  0.0)   (0.000,  0.0) (1.000,270.0)   
(1.000,  0.0) (0.000,  0.0)   (1.000, 90.0) (0.000,  0.0)   

            11                            12                
(0.000,  0.0) (1.000,270.0)   (0.000,  0.0) (1.000,270.0)   
(1.000, 90.0) (0.000,  0.0)   (1.000, 90.0) (0.000,  0.0)   

            13                            14                
(0.000,  0.0) (1.000,  0.0)   (0.000,  0.0) (1.000,  0.0)   
(1.000,  0.0) (0.000,  0.0)   (1.000,  0.0) (0.000,  0.0)   

            15                            16                
(0.000,  0.0) (1.000,  0.0)   (0.000,  0.0) (1.000,270.0)   
(1.000,  0.0) (0.000,  0.0)   (1.000, 90.0) (0.000,  0.0)   

            17                            18                
(0.000,  0.0) (1.000,270.0)   (0.000,  0.0) (1.000,270.0)   
(1.000, 90.0) (0.000,  0.0)   (1.000, 90.0) (0.000,  0.0)   

            19                            20                
(1.000,  0.0) (0.000,  0.0)   (1.000,  0.0) (0.000,  0.0)   
(0.000,  0.0) (1.000,  0.0)   (0.000,  0.0) (1.000,  0.0)   

            21                            22                
(1.000,  0.0) (0.000,  0.0)   (1.000, 90.0) (0.000,  0.0)   
(0.000,  0.0) (1.000,  0.0)   (0.000,  0.0) (1.000,270.0)   

            23                            24                
(1.000, 90.0) (0.000,  0.0)   (1.000, 90.0) (0.000,  0.0)   
(0.000,  0.0) (1.000,270.0)   (0.000,  0.0) (1.000,270.0)   


 Irrep A_2 ,  dimension 2
             1                             2                
(1.000,  0.0) (0.000,  0.0)   (1.000,  0.0) (0.000,  0.0)   
(0.000,  0.0) (1.000,  0.0)   (0.000,  0.0) (1.000,  0.0)   

             3                             4                
(1.000,  0.0) (0.000,  0.0)   (1.000, 90.0) (0.000,  0.0)   
(0.000,  0.0) (1.000,  0.0)   (0.000,  0.0) (1.000,270.0)   

             5                             6                
(1.000, 90.0) (0.000,  0.0)   (1.000, 90.0) (0.000,  0.0)   
(0.000,  0.0) (1.000,270.0)   (0.000,  0.0) (1.000,270.0)   

             7                             8                
(0.000,  0.0) (1.000,  0.0)   (0.000,  0.0) (1.000,  0.0)   
(1.000,  0.0) (0.000,  0.0)   (1.000,  0.0) (0.000,  0.0)   

             9                            10                
(0.000,  0.0) (1.000,  0.0)   (0.000,  0.0) (1.000,270.0)   
(1.000,  0.0) (0.000,  0.0)   (1.000, 90.0) (0.000,  0.0)   

            11                            12                
(0.000,  0.0) (1.000,270.0)   (0.000,  0.0) (1.000,270.0)   
(1.000, 90.0) (0.000,  0.0)   (1.000, 90.0) (0.000,  0.0)   

            13                            14                
(0.000,  0.0) (1.000,180.0)   (0.000,  0.0) (1.000,180.0)   
(1.000,180.0) (0.000,  0.0)   (1.000,180.0) (0.000,  0.0)   

            15                            16                
(0.000,  0.0) (1.000,180.0)   (0.000,  0.0) (1.000, 90.0)   
(1.000,180.0) (0.000,  0.0)   (1.000,270.0) (0.000,  0.0)   

            17                            18                
(0.000,  0.0) (1.000, 90.0)   (0.000,  0.0) (1.000, 90.0)   
(1.000,270.0) (0.000,  0.0)   (1.000,270.0) (0.000,  0.0)   

            19                            20                
(1.000,180.0) (0.000,  0.0)   (1.000,180.0) (0.000,  0.0)   
(0.000,  0.0) (1.000,180.0)   (0.000,  0.0) (1.000,180.0)   

            21                            22                
(1.000,180.0) (0.000,  0.0)   (1.000,270.0) (0.000,  0.0)   
(0.000,  0.0) (1.000,180.0)   (0.000,  0.0) (1.000, 90.0)   

            23                            24                
(1.000,270.0) (0.000,  0.0)   (1.000,270.0) (0.000,  0.0)   
(0.000,  0.0) (1.000, 90.0)   (0.000,  0.0) (1.000, 90.0)   


 Irrep A_3 ,  dimension 4
                           1                              
(1.000,  0.0) (0.000,  0.0) (0.000,  0.0) (0.000,  0.0)   
(0.000,  0.0) (1.000,  0.0) (0.000,  0.0) (0.000,  0.0)   
(0.000,  0.0) (0.000,  0.0) (1.000,  0.0) (0.000,  0.0)   
(0.000,  0.0) (0.000,  0.0) (0.000,  0.0) (1.000,  0.0)   

                           2                              
(1.000,120.0) (0.000,  0.0) (0.000,  0.0) (0.000,  0.0)   
(0.000,  0.0) (1.000,240.0) (0.000,  0.0) (0.000,  0.0)   
(0.000,  0.0) (0.000,  0.0) (1.000,120.0) (0.000,  0.0)   
(0.000,  0.0) (0.000,  0.0) (0.000,  0.0) (1.000,240.0)   

                           3                              
(1.000,240.0) (0.000,  0.0) (0.000,  0.0) (0.000,  0.0)   
(0.000,  0.0) (1.000,120.0) (0.000,  0.0) (0.000,  0.0)   
(0.000,  0.0) (0.000,  0.0) (1.000,240.0) (0.000,  0.0)   
(0.000,  0.0) (0.000,  0.0) (0.000,  0.0) (1.000,120.0)   

                           4                              
(1.000, 90.0) (0.000,  0.0) (0.000,  0.0) (0.000,  0.0)   
(0.000,  0.0) (1.000,270.0) (0.000,  0.0) (0.000,  0.0)   
(0.000,  0.0) (0.000,  0.0) (1.000,270.0) (0.000,  0.0)   
(0.000,  0.0) (0.000,  0.0) (0.000,  0.0) (1.000, 90.0)   

                           5                              
(1.000,210.0) (0.000,  0.0) (0.000,  0.0) (0.000,  0.0)   
(0.000,  0.0) (1.000,150.0) (0.000,  0.0) (0.000,  0.0)   
(0.000,  0.0) (0.000,  0.0) (1.000, 30.0) (0.000,  0.0)   
(0.000,  0.0) (0.000,  0.0) (0.000,  0.0) (1.000,330.0)   

                           6                              
(1.000,330.0) (0.000,  0.0) (0.000,  0.0) (0.000,  0.0)   
(0.000,  0.0) (1.000, 30.0) (0.000,  0.0) (0.000,  0.0)   
(0.000,  0.0) (0.000,  0.0) (1.000,150.0) (0.000,  0.0)   
(0.000,  0.0) (0.000,  0.0) (0.000,  0.0) (1.000,210.0)   

                           7                              
(0.000,  0.0) (1.000,  0.0) (0.000,  0.0) (0.000,  0.0)   
(1.000,  0.0) (0.000,  0.0) (0.000,  0.0) (0.000,  0.0)   
(0.000,  0.0) (0.000,  0.0) (0.000,  0.0) (1.000,  0.0)   
(0.000,  0.0) (0.000,  0.0) (1.000,  0.0) (0.000,  0.0)   

                           8                              
(0.000,  0.0) (1.000,240.0) (0.000,  0.0) (0.000,  0.0)   
(1.000,120.0) (0.000,  0.0) (0.000,  0.0) (0.000,  0.0)   
(0.000,  0.0) (0.000,  0.0) (0.000,  0.0) (1.000,240.0)   
(0.000,  0.0) (0.000,  0.0) (1.000,120.0) (0.000,  0.0)   

                           9                              
(0.000,  0.0) (1.000,120.0) (0.000,  0.0) (0.000,  0.0)   
(1.000,240.0) (0.000,  0.0) (0.000,  0.0) (0.000,  0.0)   
(0.000,  0.0) (0.000,  0.0) (0.000,  0.0) (1.000,120.0)   
(0.000,  0.0) (0.000,  0.0) (1.000,240.0) (0.000,  0.0)   

                          10                              
(0.000,  0.0) (1.000,270.0) (0.000,  0.0) (0.000,  0.0)   
(1.000, 90.0) (0.000,  0.0) (0.000,  0.0) (0.000,  0.0)   
(0.000,  0.0) (0.000,  0.0) (0.000,  0.0) (1.000, 90.0)   
(0.000,  0.0) (0.000,  0.0) (1.000,270.0) (0.000,  0.0)   

                          11                              
(0.000,  0.0) (1.000,150.0) (0.000,  0.0) (0.000,  0.0)   
(1.000,210.0) (0.000,  0.0) (0.000,  0.0) (0.000,  0.0)   
(0.000,  0.0) (0.000,  0.0) (0.000,  0.0) (1.000,330.0)   
(0.000,  0.0) (0.000,  0.0) (1.000, 30.0) (0.000,  0.0)   

                          12                              
(0.000,  0.0) (1.000, 30.0) (0.000,  0.0) (0.000,  0.0)   
(1.000,330.0) (0.000,  0.0) (0.000,  0.0) (0.000,  0.0)   
(0.000,  0.0) (0.000,  0.0) (0.000,  0.0) (1.000,210.0)   
(0.000,  0.0) (0.000,  0.0) (1.000,150.0) (0.000,  0.0)   

                          13                              
(0.000,  0.0) (0.000,  0.0) (1.000,  0.0) (0.000,  0.0)   
(0.000,  0.0) (0.000,  0.0) (0.000,  0.0) (1.000,  0.0)   
(1.000,  0.0) (0.000,  0.0) (0.000,  0.0) (0.000,  0.0)   
(0.000,  0.0) (1.000,  0.0) (0.000,  0.0) (0.000,  0.0)   

                          14                              
(0.000,  0.0) (0.000,  0.0) (1.000,120.0) (0.000,  0.0)   
(0.000,  0.0) (0.000,  0.0) (0.000,  0.0) (1.000,240.0)   
(1.000,120.0) (0.000,  0.0) (0.000,  0.0) (0.000,  0.0)   
(0.000,  0.0) (1.000,240.0) (0.000,  0.0) (0.000,  0.0)   

                          15                              
(0.000,  0.0) (0.000,  0.0) (1.000,240.0) (0.000,  0.0)   
(0.000,  0.0) (0.000,  0.0) (0.000,  0.0) (1.000,120.0)   
(1.000,240.0) (0.000,  0.0) (0.000,  0.0) (0.000,  0.0)   
(0.000,  0.0) (1.000,120.0) (0.000,  0.0) (0.000,  0.0)   

                          16                              
(0.000,  0.0) (0.000,  0.0) (1.000,270.0) (0.000,  0.0)   
(0.000,  0.0) (0.000,  0.0) (0.000,  0.0) (1.000, 90.0)   
(1.000, 90.0) (0.000,  0.0) (0.000,  0.0) (0.000,  0.0)   
(0.000,  0.0) (1.000,270.0) (0.000,  0.0) (0.000,  0.0)   

                          17                              
(0.000,  0.0) (0.000,  0.0) (1.000, 30.0) (0.000,  0.0)   
(0.000,  0.0) (0.000,  0.0) (0.000,  0.0) (1.000,330.0)   
(1.000,210.0) (0.000,  0.0) (0.000,  0.0) (0.000,  0.0)   
(0.000,  0.0) (1.000,150.0) (0.000,  0.0) (0.000,  0.0)   

                          18                              
(0.000,  0.0) (0.000,  0.0) (1.000,150.0) (0.000,  0.0)   
(0.000,  0.0) (0.000,  0.0) (0.000,  0.0) (1.000,210.0)   
(1.000,330.0) (0.000,  0.0) (0.000,  0.0) (0.000,  0.0)   
(0.000,  0.0) (1.000, 30.0) (0.000,  0.0) (0.000,  0.0)   

                          19                              
(0.000,  0.0) (0.000,  0.0) (0.000,  0.0) (1.000,  0.0)   
(0.000,  0.0) (0.000,  0.0) (1.000,  0.0) (0.000,  0.0)   
(0.000,  0.0) (1.000,  0.0) (0.000,  0.0) (0.000,  0.0)   
(1.000,  0.0) (0.000,  0.0) (0.000,  0.0) (0.000,  0.0)   

                          20                              
(0.000,  0.0) (0.000,  0.0) (0.000,  0.0) (1.000,240.0)   
(0.000,  0.0) (0.000,  0.0) (1.000,120.0) (0.000,  0.0)   
(0.000,  0.0) (1.000,240.0) (0.000,  0.0) (0.000,  0.0)   
(1.000,120.0) (0.000,  0.0) (0.000,  0.0) (0.000,  0.0)   

                          21                              
(0.000,  0.0) (0.000,  0.0) (0.000,  0.0) (1.000,120.0)   
(0.000,  0.0) (0.000,  0.0) (1.000,240.0) (0.000,  0.0)   
(0.000,  0.0) (1.000,120.0) (0.000,  0.0) (0.000,  0.0)   
(1.000,240.0) (0.000,  0.0) (0.000,  0.0) (0.000,  0.0)   

                          22                              
(0.000,  0.0) (0.000,  0.0) (0.000,  0.0) (1.000, 90.0)   
(0.000,  0.0) (0.000,  0.0) (1.000,270.0) (0.000,  0.0)   
(0.000,  0.0) (1.000,270.0) (0.000,  0.0) (0.000,  0.0)   
(1.000, 90.0) (0.000,  0.0) (0.000,  0.0) (0.000,  0.0)   

                          23                              
(0.000,  0.0) (0.000,  0.0) (0.000,  0.0) (1.000,330.0)   
(0.000,  0.0) (0.000,  0.0) (1.000, 30.0) (0.000,  0.0)   
(0.000,  0.0) (1.000,150.0) (0.000,  0.0) (0.000,  0.0)   
(1.000,210.0) (0.000,  0.0) (0.000,  0.0) (0.000,  0.0)   

                          24                              
(0.000,  0.0) (0.000,  0.0) (0.000,  0.0) (1.000,210.0)   
(0.000,  0.0) (0.000,  0.0) (1.000,150.0) (0.000,  0.0)   
(0.000,  0.0) (1.000, 30.0) (0.000,  0.0) (0.000,  0.0)   
(1.000,330.0) (0.000,  0.0) (0.000,  0.0) (0.000,  0.0)   


General position characters:
Gen Pos:      1             2             3             4             5             6             7             8             9             10             11             12             13             14             15             16             17             18             19             20             21             22             23             24             
A_1      (2.000,  0.0) (2.000,  0.0) (2.000,  0.0) (0.000,  0.0) (0.000,  0.0) (0.000,  0.0) (0.000,  0.0) (0.000,  0.0) (0.000,  0.0) (0.000,  0.0) (0.000,  0.0) (0.000,  0.0) (0.000,  0.0) (0.000,  0.0) (0.000,  0.0) (0.000,  0.0) (0.000,  0.0) (0.000,  0.0) (2.000,  0.0) (2.000,  0.0) (2.000,  0.0) (0.000,  0.0) (0.000,  0.0) (0.000,  0.0) 
A_2      (2.000,  0.0) (2.000,  0.0) (2.000,  0.0) (0.000,  0.0) (0.000,  0.0) (0.000,  0.0) (0.000,  0.0) (0.000,  0.0) (0.000,  0.0) (0.000,  0.0) (0.000,  0.0) (0.000,  0.0) (0.000,  0.0) (0.000,  0.0) (0.000,  0.0) (0.000,  0.0) (0.000,  0.0) (0.000,  0.0) (2.000,180.0) (2.000,180.0) (2.000,180.0) (0.000,  0.0) (0.000,  0.0) (0.000,  0.0) 
A_3      (4.000,  0.0) (2.000,180.0) (2.000,180.0) (0.000,  0.0) (0.000,  0.0) (0.000,  0.0) (0.000,  0.0) (0.000,  0.0) (0.000,  0.0) (0.000,  0.0) (0.000,  0.0) (0.000,  0.0) (0.000,  0.0) (0.000,  0.0) (0.000,  0.0) (0.000,  0.0) (0.000,  0.0) (0.000,  0.0) (0.000,  0.0) (0.000,  0.0) (0.000,  0.0) (0.000,  0.0) (0.000,  0.0) (0.000,  0.0) 


Physically-irreducible representations:
  *A_1  *A_2  *A_3