Space group number 198 , P2_13
Lattice type : cP

Number of generators : 4

        1                  2                  3                  4          
  1  0  0     0     -1  0  0   1/2     -1  0  0     0      0  0  1     0    
  0  1  0     0      0 -1  0     0      0  1  0   1/2      1  0  0     0    
  0  0  1     0      0  0  1   1/2      0  0 -1   1/2      0  1  0     0    


Number of elements : 12

        1                  2                  3                  4          
  1  0  0     0     -1  0  0   1/2     -1  0  0     0      1  0  0  -1/2    
  0  1  0     0      0 -1  0     0      0  1  0   1/2      0 -1  0   1/2    
  0  0  1     0      0  0  1   1/2      0  0 -1   1/2      0  0 -1     0    

        5                  6                  7                  8          
  0  0  1     0      0  0  1   1/2      0  0 -1   1/2      0  0 -1     0    
  1  0  0     0     -1  0  0   1/2     -1  0  0     0      1  0  0  -1/2    
  0  1  0     0      0 -1  0     0      0  1  0   1/2      0 -1  0   1/2    

        9                 10                 11                 12          
  0  1  0     0      0 -1  0     0      0  1  0   1/2      0 -1  0   1/2    
  0  0  1     0      0  0  1   1/2      0  0 -1   1/2      0  0 -1     0    
  1  0  0     0     -1  0  0   1/2     -1  0  0     0      1  0  0  -1/2    


k-vector 
  in primitive basis :                       -0.500 -0.500 -0.500
  in standard dual basis :                   -0.500 -0.500 -0.500
The user label for this k-vector is:          R
The standard label for this k-vector is:      R


The star of the k-vector has the following 1 arms :
 -0.500 -0.500 -0.500


The little group of the k-vector has the following 12
elements as translation coset representatives :

        1                  2                  3                  4          
  1  0  0     0     -1  0  0   1/2     -1  0  0     0      1  0  0  -1/2    
  0  1  0     0      0 -1  0     0      0  1  0   1/2      0 -1  0   1/2    
  0  0  1     0      0  0  1   1/2      0  0 -1   1/2      0  0 -1     0    

        5                  6                  7                  8          
  0  0  1     0      0  0  1   1/2      0  0 -1   1/2      0  0 -1     0    
  1  0  0     0     -1  0  0   1/2     -1  0  0     0      1  0  0  -1/2    
  0  1  0     0      0 -1  0     0      0  1  0   1/2      0 -1  0   1/2    

        9                 10                 11                 12          
  0  1  0     0      0 -1  0     0      0  1  0   1/2      0 -1  0   1/2    
  0  0  1     0      0  0  1   1/2      0  0 -1   1/2      0  0 -1     0    
  1  0  0     0     -1  0  0   1/2     -1  0  0     0      1  0  0  -1/2    


The space group has the following 1 elements as
coset representatives relative to the little group :

        1          
  1  0  0     0    
  0  1  0     0    
  0  0  1     0    


The little group of the k-vector has  3  allowed irreps.
The matrices, corresponding to all of the little group elements are :

 Irrep R_1 ,  dimension 2
             1                             2                
(1.000,  0.0) (0.000,  0.0)   (1.000, 90.0) (0.000,  0.0)   
(0.000,  0.0) (1.000,  0.0)   (0.000,  0.0) (1.000,270.0)   

             3                             4                
(0.000,  0.0) (1.000,180.0)   (0.000,  0.0) (1.000, 90.0)   
(1.000,  0.0) (0.000,  0.0)   (1.000, 90.0) (0.000,  0.0)   

             5                             6                
(0.707, 15.0) (0.707,105.0)   (0.707,105.0) (0.707, 15.0)   
(0.707,195.0) (0.707,105.0)   (0.707,285.0) (0.707, 15.0)   

             7                             8                
(0.707,105.0) (0.707,195.0)   (0.707,195.0) (0.707,105.0)   
(0.707,105.0) (0.707, 15.0)   (0.707,195.0) (0.707,285.0)   

             9                            10                
(0.707,345.0) (0.707,165.0)   (0.707, 75.0) (0.707, 75.0)   
(0.707,255.0) (0.707,255.0)   (0.707,345.0) (0.707,165.0)   

            11                            12                
(0.707,165.0) (0.707,165.0)   (0.707,255.0) (0.707, 75.0)   
(0.707,255.0) (0.707, 75.0)   (0.707,345.0) (0.707,345.0)   


 Irrep R_2 ,  dimension 2
             1                             2                
(1.000,  0.0) (0.000,  0.0)   (1.000, 90.0) (0.000,  0.0)   
(0.000,  0.0) (1.000,  0.0)   (0.000,  0.0) (1.000,270.0)   

             3                             4                
(0.000,  0.0) (1.000,180.0)   (0.000,  0.0) (1.000, 90.0)   
(1.000,  0.0) (0.000,  0.0)   (1.000, 90.0) (0.000,  0.0)   

             5                             6                
(0.707,135.0) (0.707,225.0)   (0.707,225.0) (0.707,135.0)   
(0.707,315.0) (0.707,225.0)   (0.707, 45.0) (0.707,135.0)   

             7                             8                
(0.707,225.0) (0.707,315.0)   (0.707,315.0) (0.707,225.0)   
(0.707,225.0) (0.707,135.0)   (0.707,315.0) (0.707, 45.0)   

             9                            10                
(0.707,225.0) (0.707, 45.0)   (0.707,315.0) (0.707,315.0)   
(0.707,135.0) (0.707,135.0)   (0.707,225.0) (0.707, 45.0)   

            11                            12                
(0.707, 45.0) (0.707, 45.0)   (0.707,135.0) (0.707,315.0)   
(0.707,135.0) (0.707,315.0)   (0.707,225.0) (0.707,225.0)   


 Irrep R_3 ,  dimension 2
             1                             2                
(1.000,  0.0) (0.000,  0.0)   (1.000, 90.0) (0.000,  0.0)   
(0.000,  0.0) (1.000,  0.0)   (0.000,  0.0) (1.000,270.0)   

             3                             4                
(0.000,  0.0) (1.000,180.0)   (0.000,  0.0) (1.000, 90.0)   
(1.000,  0.0) (0.000,  0.0)   (1.000, 90.0) (0.000,  0.0)   

             5                             6                
(0.707,255.0) (0.707,345.0)   (0.707,345.0) (0.707,255.0)   
(0.707, 75.0) (0.707,345.0)   (0.707,165.0) (0.707,255.0)   

             7                             8                
(0.707,345.0) (0.707, 75.0)   (0.707, 75.0) (0.707,345.0)   
(0.707,345.0) (0.707,255.0)   (0.707, 75.0) (0.707,165.0)   

             9                            10                
(0.707,105.0) (0.707,285.0)   (0.707,195.0) (0.707,195.0)   
(0.707, 15.0) (0.707, 15.0)   (0.707,105.0) (0.707,285.0)   

            11                            12                
(0.707,285.0) (0.707,285.0)   (0.707, 15.0) (0.707,195.0)   
(0.707, 15.0) (0.707,195.0)   (0.707,105.0) (0.707,105.0)   


General position characters:
Gen Pos:      1             2             3             4             5             6             7             8             9             10             11             12             
R_1      (2.000,  0.0) (0.000,  0.0) (0.000,  0.0) (0.000,  0.0) (1.000, 60.0) (1.000, 60.0) (1.000, 60.0) (1.000,240.0) (1.000,300.0) (1.000,120.0) (1.000,120.0) (1.000,300.0) 
R_2      (2.000,  0.0) (0.000,  0.0) (0.000,  0.0) (0.000,  0.0) (1.000,180.0) (1.000,180.0) (1.000,180.0) (1.000,  0.0) (1.000,180.0) (1.000,  0.0) (1.000,  0.0) (1.000,180.0) 
R_3      (2.000,  0.0) (0.000,  0.0) (0.000,  0.0) (0.000,  0.0) (1.000,300.0) (1.000,300.0) (1.000,300.0) (1.000,120.0) (1.000, 60.0) (1.000,240.0) (1.000,240.0) (1.000, 60.0) 


Physically-irreducible representations:
  *R_1+*R_3  *R_2+*R_2