Space group number 53 , Pmna
Lattice type : oP

Number of generators : 4

        1                  2                  3                  4          
  1  0  0     0     -1  0  0   1/2     -1  0  0   1/2     -1  0  0     0    
  0  1  0     0      0 -1  0     0      0  1  0     0      0 -1  0     0    
  0  0  1     0      0  0  1   1/2      0  0 -1   1/2      0  0 -1     0    


Number of elements : 8

        1                  2                  3                  4          
  1  0  0     0     -1  0  0   1/2     -1  0  0   1/2      1  0  0     0    
  0  1  0     0      0 -1  0     0      0  1  0     0      0 -1  0     0    
  0  0  1     0      0  0  1   1/2      0  0 -1   1/2      0  0 -1     0    

        5                  6                  7                  8          
 -1  0  0     0      1  0  0  -1/2      1  0  0  -1/2     -1  0  0     0    
  0 -1  0     0      0  1  0     0      0 -1  0     0      0  1  0     0    
  0  0 -1     0      0  0 -1  -1/2      0  0  1  -1/2      0  0  1     0    


k-vector 
  in primitive basis :                       -0.500 -0.500 -0.500
  in standard dual basis :                   -0.500 -0.500 -0.500
The user label for this k-vector is:          R
The standard label for this k-vector is:      R


The star of the k-vector has the following 1 arms :
 -0.500 -0.500 -0.500


The little group of the k-vector has the following 8
elements as translation coset representatives :

        1                  2                  3                  4          
  1  0  0     0     -1  0  0   1/2     -1  0  0   1/2      1  0  0     0    
  0  1  0     0      0 -1  0     0      0  1  0     0      0 -1  0     0    
  0  0  1     0      0  0  1   1/2      0  0 -1   1/2      0  0 -1     0    

        5                  6                  7                  8          
 -1  0  0     0      1  0  0  -1/2      1  0  0  -1/2     -1  0  0     0    
  0 -1  0     0      0  1  0     0      0 -1  0     0      0  1  0     0    
  0  0 -1     0      0  0 -1  -1/2      0  0  1  -1/2      0  0  1     0    


The space group has the following 1 elements as
coset representatives relative to the little group :

        1          
  1  0  0     0    
  0  1  0     0    
  0  0  1     0    


The little group of the k-vector has  2  allowed irreps.
The matrices, corresponding to all of the little group elements are :

 Irrep R_1+ ,  dimension 2
             1                             2                
(1.000,  0.0) (0.000,  0.0)   (1.000, 90.0) (0.000,  0.0)   
(0.000,  0.0) (1.000,  0.0)   (0.000,  0.0) (1.000,270.0)   

             3                             4                
(0.000,  0.0) (1.000,  0.0)   (0.000,  0.0) (1.000,270.0)   
(1.000,  0.0) (0.000,  0.0)   (1.000, 90.0) (0.000,  0.0)   

             5                             6                
(1.000,  0.0) (0.000,  0.0)   (1.000, 90.0) (0.000,  0.0)   
(0.000,  0.0) (1.000,  0.0)   (0.000,  0.0) (1.000,270.0)   

             7                             8                
(0.000,  0.0) (1.000,  0.0)   (0.000,  0.0) (1.000,270.0)   
(1.000,  0.0) (0.000,  0.0)   (1.000, 90.0) (0.000,  0.0)   


 Irrep R_1- ,  dimension 2
             1                             2                
(1.000,  0.0) (0.000,  0.0)   (1.000, 90.0) (0.000,  0.0)   
(0.000,  0.0) (1.000,  0.0)   (0.000,  0.0) (1.000,270.0)   

             3                             4                
(0.000,  0.0) (1.000,  0.0)   (0.000,  0.0) (1.000,270.0)   
(1.000,  0.0) (0.000,  0.0)   (1.000, 90.0) (0.000,  0.0)   

             5                             6                
(1.000,180.0) (0.000,  0.0)   (1.000,270.0) (0.000,  0.0)   
(0.000,  0.0) (1.000,180.0)   (0.000,  0.0) (1.000, 90.0)   

             7                             8                
(0.000,  0.0) (1.000,180.0)   (0.000,  0.0) (1.000, 90.0)   
(1.000,180.0) (0.000,  0.0)   (1.000,270.0) (0.000,  0.0)   


General position characters:
Gen Pos:      1             2             3             4             5             6             7             8             
R_1+      (2.000,  0.0) (0.000,  0.0) (0.000,  0.0) (0.000,  0.0) (2.000,  0.0) (0.000,  0.0) (0.000,  0.0) (0.000,  0.0) 
R_1-      (2.000,  0.0) (0.000,  0.0) (0.000,  0.0) (0.000,  0.0) (2.000,180.0) (0.000,  0.0) (0.000,  0.0) (0.000,  0.0) 


Physically-irreducible representations:
  *R_1+  *R_1-