Space group number 230 , Ia-3d
Lattice type : cI

Number of generators : 6

        1                  2                  3                  4          
  1  0  0     0     -1  0  0   1/2     -1  0  0     0      0  0  1     0    
  0  1  0     0      0 -1  0     0      0  1  0   1/2      1  0  0     0    
  0  0  1     0      0  0  1   1/2      0  0 -1   1/2      0  1  0     0    

        5                  6          
  0  1  0   3/4     -1  0  0     0    
  1  0  0   1/4      0 -1  0     0    
  0  0 -1   1/4      0  0 -1     0    


Number of elements : 48

        1                  2                  3                  4          
  1  0  0     0     -1  0  0   1/2     -1  0  0     0      1  0  0  -1/2    
  0  1  0     0      0 -1  0     0      0  1  0   1/2      0 -1  0   1/2    
  0  0  1     0      0  0  1   1/2      0  0 -1   1/2      0  0 -1     0    

        5                  6                  7                  8          
  0  0  1     0      0  0  1   1/2      0  0 -1   1/2      0  0 -1     0    
  1  0  0     0     -1  0  0   1/2     -1  0  0     0      1  0  0  -1/2    
  0  1  0     0      0 -1  0     0      0  1  0   1/2      0 -1  0   1/2    

        9                 10                 11                 12          
  0  1  0     0      0 -1  0     0      0  1  0   1/2      0 -1  0   1/2    
  0  0  1     0      0  0  1   1/2      0  0 -1   1/2      0  0 -1     0    
  1  0  0     0     -1  0  0   1/2     -1  0  0     0      1  0  0  -1/2    

       13                 14                 15                 16          
  0  1  0   3/4      0 -1  0   3/4      0  1  0   5/4      0 -1  0   5/4    
  1  0  0   1/4     -1  0  0   3/4     -1  0  0   1/4      1  0  0  -1/4    
  0  0 -1   1/4      0  0 -1  -1/4      0  0  1  -1/4      0  0  1   1/4    

       17                 18                 19                 20          
  1  0  0   3/4     -1  0  0   5/4     -1  0  0   3/4      1  0  0   1/4    
  0  0  1   1/4      0  0  1   3/4      0  0 -1   3/4      0  0 -1   1/4    
  0 -1  0   1/4      0  1  0   1/4      0 -1  0  -1/4      0  1  0  -1/4    

       21                 22                 23                 24          
  0  0  1   3/4      0  0  1   5/4      0  0 -1   5/4      0  0 -1   3/4    
  0  1  0   1/4      0 -1  0   1/4      0  1  0   3/4      0 -1  0   3/4    
 -1  0  0   1/4      1  0  0  -1/4      1  0  0   1/4     -1  0  0   3/4    

       25                 26                 27                 28          
 -1  0  0     0      1  0  0  -1/2      1  0  0     0     -1  0  0   1/2    
  0 -1  0     0      0  1  0     0      0 -1  0  -1/2      0  1  0  -1/2    
  0  0 -1     0      0  0 -1  -1/2      0  0  1  -1/2      0  0  1     0    

       29                 30                 31                 32          
  0  0 -1     0      0  0 -1  -1/2      0  0  1  -1/2      0  0  1     0    
 -1  0  0     0      1  0  0  -1/2      1  0  0     0     -1  0  0   1/2    
  0 -1  0     0      0  1  0     0      0 -1  0  -1/2      0  1  0  -1/2    

       33                 34                 35                 36          
  0 -1  0     0      0  1  0     0      0 -1  0  -1/2      0  1  0  -1/2    
  0  0 -1     0      0  0 -1  -1/2      0  0  1  -1/2      0  0  1     0    
 -1  0  0     0      1  0  0  -1/2      1  0  0     0     -1  0  0   1/2    

       37                 38                 39                 40          
  0 -1  0  -3/4      0  1  0  -3/4      0 -1  0  -5/4      0  1  0  -5/4    
 -1  0  0  -1/4      1  0  0  -3/4      1  0  0  -1/4     -1  0  0   1/4    
  0  0  1  -1/4      0  0  1   1/4      0  0 -1   1/4      0  0 -1  -1/4    

       41                 42                 43                 44          
 -1  0  0  -3/4      1  0  0  -5/4      1  0  0  -3/4     -1  0  0  -1/4    
  0  0 -1  -1/4      0  0 -1  -3/4      0  0  1  -3/4      0  0  1  -1/4    
  0  1  0  -1/4      0 -1  0  -1/4      0  1  0   1/4      0 -1  0   1/4    

       45                 46                 47                 48          
  0  0 -1  -3/4      0  0 -1  -5/4      0  0  1  -5/4      0  0  1  -3/4    
  0 -1  0  -1/4      0  1  0  -1/4      0 -1  0  -3/4      0  1  0  -3/4    
  1  0  0  -1/4     -1  0  0   1/4     -1  0  0  -1/4      1  0  0  -3/4    


k-vector 
  in primitive basis :                        0.000 -0.500 -0.500
  in standard dual basis :                   -1.000 -0.500 -0.500
The user label for this k-vector is:          N
The standard label for this k-vector is:      N


The star of the k-vector has the following 6 arms :
 -1.000 -0.500 -0.500
  1.000  0.500 -0.500
 -0.500 -0.500 -1.000
  0.500 -0.500  1.000
 -0.500 -1.000 -0.500
  0.500  1.000 -0.500


The little group of the k-vector has the following 8
elements as translation coset representatives :

        1                  2                  3                  4          
  1  0  0     0      1  0  0  -1/2     -1  0  0   5/4     -1  0  0   7/4    
  0  1  0     0      0 -1  0   1/2      0  0  1   3/4      0  0 -1   3/4    
  0  0  1     0      0  0 -1     0      0  1  0   1/4      0 -1  0   3/4    

        5                  6                  7                  8          
 -1  0  0     0     -1  0  0   1/2      1  0  0  -5/4      1  0  0  -7/4    
  0 -1  0     0      0  1  0  -1/2      0  0 -1  -3/4      0  0  1  -3/4    
  0  0 -1     0      0  0  1     0      0 -1  0  -1/4      0  1  0  -3/4    


The space group has the following 6 elements as
coset representatives relative to the little group :

        1                  2                  3                  4          
  1  0  0     0     -1  0  0   1/2      0  0  1     0      0  0 -1   1/2    
  0  1  0     0      0 -1  0     0      1  0  0     0     -1  0  0     0    
  0  0  1     0      0  0  1   1/2      0  1  0     0      0  1  0   1/2    

        5                  6          
  0  1  0     0      0 -1  0     0    
  0  0  1     0      0  0  1   1/2    
  1  0  0     0     -1  0  0   1/2    


The little group of the k-vector has  2  allowed irreps.
The matrices, corresponding to all of the little group elements are :

 Irrep N_1 ,  dimension 2
             1                             2                
(1.000,  0.0) (0.000,  0.0)   (1.000,  0.0) (0.000,  0.0)   
(0.000,  0.0) (1.000,  0.0)   (0.000,  0.0) (1.000,180.0)   

             3                             4                
(1.000,180.0) (0.000,  0.0)   (1.000,180.0) (0.000,  0.0)   
(0.000,  0.0) (1.000,  0.0)   (0.000,  0.0) (1.000,180.0)   

             5                             6                
(0.000,  0.0) (1.000,  0.0)   (0.000,  0.0) (1.000,180.0)   
(1.000,  0.0) (0.000,  0.0)   (1.000,  0.0) (0.000,  0.0)   

             7                             8                
(0.000,  0.0) (1.000,  0.0)   (0.000,  0.0) (1.000,180.0)   
(1.000,180.0) (0.000,  0.0)   (1.000,180.0) (0.000,  0.0)   


 Irrep N_2 ,  dimension 2
             1                             2                
(1.000,  0.0) (0.000,  0.0)   (1.000,  0.0) (0.000,  0.0)   
(0.000,  0.0) (1.000,  0.0)   (0.000,  0.0) (1.000,180.0)   

             3                             4                
(1.000,  0.0) (0.000,  0.0)   (1.000,  0.0) (0.000,  0.0)   
(0.000,  0.0) (1.000,180.0)   (0.000,  0.0) (1.000,  0.0)   

             5                             6                
(0.000,  0.0) (1.000,  0.0)   (0.000,  0.0) (1.000,180.0)   
(1.000,  0.0) (0.000,  0.0)   (1.000,  0.0) (0.000,  0.0)   

             7                             8                
(0.000,  0.0) (1.000,180.0)   (0.000,  0.0) (1.000,  0.0)   
(1.000,  0.0) (0.000,  0.0)   (1.000,  0.0) (0.000,  0.0)   


General position characters:
Gen Pos:      1             2             3             4             5             6             7             8             9             10             11             12             13             14             15             16             17             18             19             20             21             22             23             24             25             26             27             28             29             30             31             32             33             34             35             36             37             38             39             40             41             42             43             44             45             46             47             48             
N_1      (12.000,  0.0) (0.000,  0.0) (0.000,  0.0) (0.000,  0.0) (0.000,  0.0) (0.000,  0.0) (0.000,  0.0) (0.000,  0.0) (0.000,  0.0) (0.000,  0.0) (0.000,  0.0) (0.000,  0.0) (2.000,  0.0) (2.000,180.0) (0.000,  0.0) (0.000,  0.0) (0.000,  0.0) (2.000,  0.0) (2.000,  0.0) (0.000,  0.0) (0.000,  0.0) (2.000,  0.0) (0.000,  0.0) (2.000,180.0) (0.000,  0.0) (0.000,  0.0) (0.000,  0.0) (0.000,  0.0) (0.000,  0.0) (0.000,  0.0) (0.000,  0.0) (0.000,  0.0) (0.000,  0.0) (0.000,  0.0) (0.000,  0.0) (0.000,  0.0) (0.000,  0.0) (0.000,  0.0) (0.000,  0.0) (0.000,  0.0) (0.000,  0.0) (0.000,  0.0) (0.000,  0.0) (0.000,  0.0) (0.000,  0.0) (0.000,  0.0) (0.000,  0.0) (0.000,  0.0) 
N_2      (12.000,  0.0) (0.000,  0.0) (0.000,  0.0) (0.000,  0.0) (0.000,  0.0) (0.000,  0.0) (0.000,  0.0) (0.000,  0.0) (0.000,  0.0) (0.000,  0.0) (0.000,  0.0) (0.000,  0.0) (2.000,180.0) (2.000,  0.0) (0.000,  0.0) (0.000,  0.0) (0.000,  0.0) (2.000,180.0) (2.000,180.0) (0.000,  0.0) (0.000,  0.0) (2.000,180.0) (0.000,  0.0) (2.000,  0.0) (0.000,  0.0) (0.000,  0.0) (0.000,  0.0) (0.000,  0.0) (0.000,  0.0) (0.000,  0.0) (0.000,  0.0) (0.000,  0.0) (0.000,  0.0) (0.000,  0.0) (0.000,  0.0) (0.000,  0.0) (0.000,  0.0) (0.000,  0.0) (0.000,  0.0) (0.000,  0.0) (0.000,  0.0) (0.000,  0.0) (0.000,  0.0) (0.000,  0.0) (0.000,  0.0) (0.000,  0.0) (0.000,  0.0) (0.000,  0.0) 


Physically-irreducible representations:
  *N_1  *N_2