Space group number 226 , Fm-3c
Lattice type : cF

Number of generators : 6

        1                  2                  3                  4          
  1  0  0     0     -1  0  0     0     -1  0  0     0      0  0  1     0    
  0  1  0     0      0 -1  0     0      0  1  0     0      1  0  0     0    
  0  0  1     0      0  0  1     0      0  0 -1     0      0  1  0     0    

        5                  6          
  0  1  0   1/2     -1  0  0     0    
  1  0  0   1/2      0 -1  0     0    
  0  0 -1   1/2      0  0 -1     0    


Number of elements : 48

        1                  2                  3                  4          
  1  0  0     0     -1  0  0     0     -1  0  0     0      1  0  0     0    
  0  1  0     0      0 -1  0     0      0  1  0     0      0 -1  0     0    
  0  0  1     0      0  0  1     0      0  0 -1     0      0  0 -1     0    

        5                  6                  7                  8          
  0  0  1     0      0  0  1     0      0  0 -1     0      0  0 -1     0    
  1  0  0     0     -1  0  0     0     -1  0  0     0      1  0  0     0    
  0  1  0     0      0 -1  0     0      0  1  0     0      0 -1  0     0    

        9                 10                 11                 12          
  0  1  0     0      0 -1  0     0      0  1  0     0      0 -1  0     0    
  0  0  1     0      0  0  1     0      0  0 -1     0      0  0 -1     0    
  1  0  0     0     -1  0  0     0     -1  0  0     0      1  0  0     0    

       13                 14                 15                 16          
  0  1  0   1/2      0 -1  0   1/2      0  1  0   1/2      0 -1  0   1/2    
  1  0  0   1/2     -1  0  0   1/2     -1  0  0   1/2      1  0  0   1/2    
  0  0 -1   1/2      0  0 -1   1/2      0  0  1   1/2      0  0  1   1/2    

       17                 18                 19                 20          
  1  0  0   1/2     -1  0  0   1/2     -1  0  0   1/2      1  0  0   1/2    
  0  0  1   1/2      0  0  1   1/2      0  0 -1   1/2      0  0 -1   1/2    
  0 -1  0   1/2      0  1  0   1/2      0 -1  0   1/2      0  1  0   1/2    

       21                 22                 23                 24          
  0  0  1   1/2      0  0  1   1/2      0  0 -1   1/2      0  0 -1   1/2    
  0  1  0   1/2      0 -1  0   1/2      0  1  0   1/2      0 -1  0   1/2    
 -1  0  0   1/2      1  0  0   1/2      1  0  0   1/2     -1  0  0   1/2    

       25                 26                 27                 28          
 -1  0  0     0      1  0  0     0      1  0  0     0     -1  0  0     0    
  0 -1  0     0      0  1  0     0      0 -1  0     0      0  1  0     0    
  0  0 -1     0      0  0 -1     0      0  0  1     0      0  0  1     0    

       29                 30                 31                 32          
  0  0 -1     0      0  0 -1     0      0  0  1     0      0  0  1     0    
 -1  0  0     0      1  0  0     0      1  0  0     0     -1  0  0     0    
  0 -1  0     0      0  1  0     0      0 -1  0     0      0  1  0     0    

       33                 34                 35                 36          
  0 -1  0     0      0  1  0     0      0 -1  0     0      0  1  0     0    
  0  0 -1     0      0  0 -1     0      0  0  1     0      0  0  1     0    
 -1  0  0     0      1  0  0     0      1  0  0     0     -1  0  0     0    

       37                 38                 39                 40          
  0 -1  0  -1/2      0  1  0  -1/2      0 -1  0  -1/2      0  1  0  -1/2    
 -1  0  0  -1/2      1  0  0  -1/2      1  0  0  -1/2     -1  0  0  -1/2    
  0  0  1  -1/2      0  0  1  -1/2      0  0 -1  -1/2      0  0 -1  -1/2    

       41                 42                 43                 44          
 -1  0  0  -1/2      1  0  0  -1/2      1  0  0  -1/2     -1  0  0  -1/2    
  0  0 -1  -1/2      0  0 -1  -1/2      0  0  1  -1/2      0  0  1  -1/2    
  0  1  0  -1/2      0 -1  0  -1/2      0  1  0  -1/2      0 -1  0  -1/2    

       45                 46                 47                 48          
  0  0 -1  -1/2      0  0 -1  -1/2      0  0  1  -1/2      0  0  1  -1/2    
  0 -1  0  -1/2      0  1  0  -1/2      0 -1  0  -1/2      0  1  0  -1/2    
  1  0  0  -1/2     -1  0  0  -1/2     -1  0  0  -1/2      1  0  0  -1/2    


k-vector 
  in primitive basis :                       -0.500 -0.500  0.000
  in standard dual basis :                    0.000  0.000 -1.000
The user label for this k-vector is:          X
The standard label for this k-vector is:      X


The star of the k-vector has the following 3 arms :
  0.000  0.000 -1.000
  0.000 -1.000  0.000
 -1.000  0.000  0.000


The little group of the k-vector has the following 16
elements as translation coset representatives :

        1                  2                  3                  4          
  1  0  0     0     -1  0  0     0      0  1  0   1/2      0 -1  0   1/2    
  0  1  0     0      0 -1  0     0     -1  0  0   1/2      1  0  0   1/2    
  0  0  1     0      0  0  1     0      0  0  1   1/2      0  0  1   1/2    

        5                  6                  7                  8          
 -1  0  0     0      1  0  0     0      0 -1  0  -1/2      0  1  0  -1/2    
  0  1  0     0      0 -1  0     0     -1  0  0   1/2      1  0  0   1/2    
  0  0 -1     0      0  0 -1     0      0  0 -1  -1/2      0  0 -1  -1/2    

        9                 10                 11                 12          
 -1  0  0     0      1  0  0     0      0 -1  0  -1/2      0  1  0  -1/2    
  0 -1  0     0      0  1  0     0      1  0  0  -1/2     -1  0  0  -1/2    
  0  0 -1     0      0  0 -1     0      0  0 -1  -1/2      0  0 -1  -1/2    

       13                 14                 15                 16          
  1  0  0     0     -1  0  0     0      0  1  0   1/2      0 -1  0   1/2    
  0 -1  0     0      0  1  0     0      1  0  0  -1/2     -1  0  0  -1/2    
  0  0  1     0      0  0  1     0      0  0  1   1/2      0  0  1   1/2    


The space group has the following 3 elements as
coset representatives relative to the little group :

        1                  2                  3          
  1  0  0     0      0  0  1     0      0  1  0     0    
  0  1  0     0      1  0  0     0      0  0  1     0    
  0  0  1     0      0  1  0     0      1  0  0     0    


The little group of the k-vector has  10  allowed irreps.
The matrices, corresponding to all of the little group elements are :

 Irrep X_2+ ,  dimension 1
      1               2               3               4         
(1.000,  0.0)   (1.000,  0.0)   (1.000,180.0)   (1.000,180.0)   

      5               6               7               8         
(1.000,  0.0)   (1.000,  0.0)   (1.000,180.0)   (1.000,180.0)   

      9              10              11              12         
(1.000,  0.0)   (1.000,  0.0)   (1.000,180.0)   (1.000,180.0)   

     13              14              15              16         
(1.000,  0.0)   (1.000,  0.0)   (1.000,180.0)   (1.000,180.0)   


 Irrep X_2- ,  dimension 1
      1               2               3               4         
(1.000,  0.0)   (1.000,  0.0)   (1.000,180.0)   (1.000,180.0)   

      5               6               7               8         
(1.000,  0.0)   (1.000,  0.0)   (1.000,180.0)   (1.000,180.0)   

      9              10              11              12         
(1.000,180.0)   (1.000,180.0)   (1.000,  0.0)   (1.000,  0.0)   

     13              14              15              16         
(1.000,180.0)   (1.000,180.0)   (1.000,  0.0)   (1.000,  0.0)   


 Irrep X_4+ ,  dimension 1
      1               2               3               4         
(1.000,  0.0)   (1.000,  0.0)   (1.000,180.0)   (1.000,180.0)   

      5               6               7               8         
(1.000,180.0)   (1.000,180.0)   (1.000,  0.0)   (1.000,  0.0)   

      9              10              11              12         
(1.000,  0.0)   (1.000,  0.0)   (1.000,180.0)   (1.000,180.0)   

     13              14              15              16         
(1.000,180.0)   (1.000,180.0)   (1.000,  0.0)   (1.000,  0.0)   


 Irrep X_4- ,  dimension 1
      1               2               3               4         
(1.000,  0.0)   (1.000,  0.0)   (1.000,180.0)   (1.000,180.0)   

      5               6               7               8         
(1.000,180.0)   (1.000,180.0)   (1.000,  0.0)   (1.000,  0.0)   

      9              10              11              12         
(1.000,180.0)   (1.000,180.0)   (1.000,  0.0)   (1.000,  0.0)   

     13              14              15              16         
(1.000,  0.0)   (1.000,  0.0)   (1.000,180.0)   (1.000,180.0)   


 Irrep X_1+ ,  dimension 1
      1               2               3               4         
(1.000,  0.0)   (1.000,  0.0)   (1.000,  0.0)   (1.000,  0.0)   

      5               6               7               8         
(1.000,  0.0)   (1.000,  0.0)   (1.000,  0.0)   (1.000,  0.0)   

      9              10              11              12         
(1.000,  0.0)   (1.000,  0.0)   (1.000,  0.0)   (1.000,  0.0)   

     13              14              15              16         
(1.000,  0.0)   (1.000,  0.0)   (1.000,  0.0)   (1.000,  0.0)   


 Irrep X_1- ,  dimension 1
      1               2               3               4         
(1.000,  0.0)   (1.000,  0.0)   (1.000,  0.0)   (1.000,  0.0)   

      5               6               7               8         
(1.000,  0.0)   (1.000,  0.0)   (1.000,  0.0)   (1.000,  0.0)   

      9              10              11              12         
(1.000,180.0)   (1.000,180.0)   (1.000,180.0)   (1.000,180.0)   

     13              14              15              16         
(1.000,180.0)   (1.000,180.0)   (1.000,180.0)   (1.000,180.0)   


 Irrep X_3+ ,  dimension 1
      1               2               3               4         
(1.000,  0.0)   (1.000,  0.0)   (1.000,  0.0)   (1.000,  0.0)   

      5               6               7               8         
(1.000,180.0)   (1.000,180.0)   (1.000,180.0)   (1.000,180.0)   

      9              10              11              12         
(1.000,  0.0)   (1.000,  0.0)   (1.000,  0.0)   (1.000,  0.0)   

     13              14              15              16         
(1.000,180.0)   (1.000,180.0)   (1.000,180.0)   (1.000,180.0)   


 Irrep X_3- ,  dimension 1
      1               2               3               4         
(1.000,  0.0)   (1.000,  0.0)   (1.000,  0.0)   (1.000,  0.0)   

      5               6               7               8         
(1.000,180.0)   (1.000,180.0)   (1.000,180.0)   (1.000,180.0)   

      9              10              11              12         
(1.000,180.0)   (1.000,180.0)   (1.000,180.0)   (1.000,180.0)   

     13              14              15              16         
(1.000,  0.0)   (1.000,  0.0)   (1.000,  0.0)   (1.000,  0.0)   


 Irrep X_5+ ,  dimension 2
             1                             2                
(1.000,  0.0) (0.000,  0.0)   (1.000,180.0) (0.000,  0.0)   
(0.000,  0.0) (1.000,  0.0)   (0.000,  0.0) (1.000,180.0)   

             3                             4                
(1.000, 90.0) (0.000,  0.0)   (1.000,270.0) (0.000,  0.0)   
(0.000,  0.0) (1.000,270.0)   (0.000,  0.0) (1.000, 90.0)   

             5                             6                
(0.000,  0.0) (1.000,  0.0)   (0.000,  0.0) (1.000,180.0)   
(1.000,  0.0) (0.000,  0.0)   (1.000,180.0) (0.000,  0.0)   

             7                             8                
(0.000,  0.0) (1.000,270.0)   (0.000,  0.0) (1.000, 90.0)   
(1.000, 90.0) (0.000,  0.0)   (1.000,270.0) (0.000,  0.0)   

             9                            10                
(1.000,  0.0) (0.000,  0.0)   (1.000,180.0) (0.000,  0.0)   
(0.000,  0.0) (1.000,  0.0)   (0.000,  0.0) (1.000,180.0)   

            11                            12                
(1.000, 90.0) (0.000,  0.0)   (1.000,270.0) (0.000,  0.0)   
(0.000,  0.0) (1.000,270.0)   (0.000,  0.0) (1.000, 90.0)   

            13                            14                
(0.000,  0.0) (1.000,  0.0)   (0.000,  0.0) (1.000,180.0)   
(1.000,  0.0) (0.000,  0.0)   (1.000,180.0) (0.000,  0.0)   

            15                            16                
(0.000,  0.0) (1.000,270.0)   (0.000,  0.0) (1.000, 90.0)   
(1.000, 90.0) (0.000,  0.0)   (1.000,270.0) (0.000,  0.0)   


 Irrep X_5- ,  dimension 2
             1                             2                
(1.000,  0.0) (0.000,  0.0)   (1.000,180.0) (0.000,  0.0)   
(0.000,  0.0) (1.000,  0.0)   (0.000,  0.0) (1.000,180.0)   

             3                             4                
(1.000, 90.0) (0.000,  0.0)   (1.000,270.0) (0.000,  0.0)   
(0.000,  0.0) (1.000,270.0)   (0.000,  0.0) (1.000, 90.0)   

             5                             6                
(0.000,  0.0) (1.000,  0.0)   (0.000,  0.0) (1.000,180.0)   
(1.000,  0.0) (0.000,  0.0)   (1.000,180.0) (0.000,  0.0)   

             7                             8                
(0.000,  0.0) (1.000,270.0)   (0.000,  0.0) (1.000, 90.0)   
(1.000, 90.0) (0.000,  0.0)   (1.000,270.0) (0.000,  0.0)   

             9                            10                
(1.000,180.0) (0.000,  0.0)   (1.000,  0.0) (0.000,  0.0)   
(0.000,  0.0) (1.000,180.0)   (0.000,  0.0) (1.000,  0.0)   

            11                            12                
(1.000,270.0) (0.000,  0.0)   (1.000, 90.0) (0.000,  0.0)   
(0.000,  0.0) (1.000, 90.0)   (0.000,  0.0) (1.000,270.0)   

            13                            14                
(0.000,  0.0) (1.000,180.0)   (0.000,  0.0) (1.000,  0.0)   
(1.000,180.0) (0.000,  0.0)   (1.000,  0.0) (0.000,  0.0)   

            15                            16                
(0.000,  0.0) (1.000, 90.0)   (0.000,  0.0) (1.000,270.0)   
(1.000,270.0) (0.000,  0.0)   (1.000, 90.0) (0.000,  0.0)   


General position characters:
Gen Pos:      1             2             3             4             5             6             7             8             9             10             11             12             13             14             15             16             17             18             19             20             21             22             23             24             25             26             27             28             29             30             31             32             33             34             35             36             37             38             39             40             41             42             43             44             45             46             47             48             
X_2+      (3.000,  0.0) (3.000,  0.0) (3.000,  0.0) (3.000,  0.0) (0.000,  0.0) (0.000,  0.0) (0.000,  0.0) (0.000,  0.0) (0.000,  0.0) (0.000,  0.0) (0.000,  0.0) (0.000,  0.0) (1.000,180.0) (1.000,180.0) (1.000,180.0) (1.000,180.0) (1.000,180.0) (1.000,180.0) (1.000,180.0) (1.000,180.0) (1.000,180.0) (1.000,180.0) (1.000,180.0) (1.000,180.0) (3.000,  0.0) (3.000,  0.0) (3.000,  0.0) (3.000,  0.0) (0.000,  0.0) (0.000,  0.0) (0.000,  0.0) (0.000,  0.0) (0.000,  0.0) (0.000,  0.0) (0.000,  0.0) (0.000,  0.0) (1.000,180.0) (1.000,180.0) (1.000,180.0) (1.000,180.0) (1.000,180.0) (1.000,180.0) (1.000,180.0) (1.000,180.0) (1.000,180.0) (1.000,180.0) (1.000,180.0) (1.000,180.0) 
X_2-      (3.000,  0.0) (3.000,  0.0) (3.000,  0.0) (3.000,  0.0) (0.000,  0.0) (0.000,  0.0) (0.000,  0.0) (0.000,  0.0) (0.000,  0.0) (0.000,  0.0) (0.000,  0.0) (0.000,  0.0) (1.000,180.0) (1.000,180.0) (1.000,180.0) (1.000,180.0) (1.000,180.0) (1.000,180.0) (1.000,180.0) (1.000,180.0) (1.000,180.0) (1.000,180.0) (1.000,180.0) (1.000,180.0) (3.000,180.0) (3.000,180.0) (3.000,180.0) (3.000,180.0) (0.000,  0.0) (0.000,  0.0) (0.000,  0.0) (0.000,  0.0) (0.000,  0.0) (0.000,  0.0) (0.000,  0.0) (0.000,  0.0) (1.000,  0.0) (1.000,  0.0) (1.000,  0.0) (1.000,  0.0) (1.000,  0.0) (1.000,  0.0) (1.000,  0.0) (1.000,  0.0) (1.000,  0.0) (1.000,  0.0) (1.000,  0.0) (1.000,  0.0) 
X_4+      (3.000,  0.0) (1.000,180.0) (1.000,180.0) (1.000,180.0) (0.000,  0.0) (0.000,  0.0) (0.000,  0.0) (0.000,  0.0) (0.000,  0.0) (0.000,  0.0) (0.000,  0.0) (0.000,  0.0) (1.000,  0.0) (1.000,  0.0) (1.000,180.0) (1.000,180.0) (1.000,180.0) (1.000,  0.0) (1.000,  0.0) (1.000,180.0) (1.000,180.0) (1.000,  0.0) (1.000,180.0) (1.000,  0.0) (3.000,  0.0) (1.000,180.0) (1.000,180.0) (1.000,180.0) (0.000,  0.0) (0.000,  0.0) (0.000,  0.0) (0.000,  0.0) (0.000,  0.0) (0.000,  0.0) (0.000,  0.0) (0.000,  0.0) (1.000,  0.0) (1.000,  0.0) (1.000,180.0) (1.000,180.0) (1.000,180.0) (1.000,  0.0) (1.000,  0.0) (1.000,180.0) (1.000,180.0) (1.000,  0.0) (1.000,180.0) (1.000,  0.0) 
X_4-      (3.000,  0.0) (1.000,180.0) (1.000,180.0) (1.000,180.0) (0.000,  0.0) (0.000,  0.0) (0.000,  0.0) (0.000,  0.0) (0.000,  0.0) (0.000,  0.0) (0.000,  0.0) (0.000,  0.0) (1.000,  0.0) (1.000,  0.0) (1.000,180.0) (1.000,180.0) (1.000,180.0) (1.000,  0.0) (1.000,  0.0) (1.000,180.0) (1.000,180.0) (1.000,  0.0) (1.000,180.0) (1.000,  0.0) (3.000,180.0) (1.000,  0.0) (1.000,  0.0) (1.000,  0.0) (0.000,  0.0) (0.000,  0.0) (0.000,  0.0) (0.000,  0.0) (0.000,  0.0) (0.000,  0.0) (0.000,  0.0) (0.000,  0.0) (1.000,180.0) (1.000,180.0) (1.000,  0.0) (1.000,  0.0) (1.000,  0.0) (1.000,180.0) (1.000,180.0) (1.000,  0.0) (1.000,  0.0) (1.000,180.0) (1.000,  0.0) (1.000,180.0) 
X_1+      (3.000,  0.0) (3.000,  0.0) (3.000,  0.0) (3.000,  0.0) (0.000,  0.0) (0.000,  0.0) (0.000,  0.0) (0.000,  0.0) (0.000,  0.0) (0.000,  0.0) (0.000,  0.0) (0.000,  0.0) (1.000,  0.0) (1.000,  0.0) (1.000,  0.0) (1.000,  0.0) (1.000,  0.0) (1.000,  0.0) (1.000,  0.0) (1.000,  0.0) (1.000,  0.0) (1.000,  0.0) (1.000,  0.0) (1.000,  0.0) (3.000,  0.0) (3.000,  0.0) (3.000,  0.0) (3.000,  0.0) (0.000,  0.0) (0.000,  0.0) (0.000,  0.0) (0.000,  0.0) (0.000,  0.0) (0.000,  0.0) (0.000,  0.0) (0.000,  0.0) (1.000,  0.0) (1.000,  0.0) (1.000,  0.0) (1.000,  0.0) (1.000,  0.0) (1.000,  0.0) (1.000,  0.0) (1.000,  0.0) (1.000,  0.0) (1.000,  0.0) (1.000,  0.0) (1.000,  0.0) 
X_1-      (3.000,  0.0) (3.000,  0.0) (3.000,  0.0) (3.000,  0.0) (0.000,  0.0) (0.000,  0.0) (0.000,  0.0) (0.000,  0.0) (0.000,  0.0) (0.000,  0.0) (0.000,  0.0) (0.000,  0.0) (1.000,  0.0) (1.000,  0.0) (1.000,  0.0) (1.000,  0.0) (1.000,  0.0) (1.000,  0.0) (1.000,  0.0) (1.000,  0.0) (1.000,  0.0) (1.000,  0.0) (1.000,  0.0) (1.000,  0.0) (3.000,180.0) (3.000,180.0) (3.000,180.0) (3.000,180.0) (0.000,  0.0) (0.000,  0.0) (0.000,  0.0) (0.000,  0.0) (0.000,  0.0) (0.000,  0.0) (0.000,  0.0) (0.000,  0.0) (1.000,180.0) (1.000,180.0) (1.000,180.0) (1.000,180.0) (1.000,180.0) (1.000,180.0) (1.000,180.0) (1.000,180.0) (1.000,180.0) (1.000,180.0) (1.000,180.0) (1.000,180.0) 
X_3+      (3.000,  0.0) (1.000,180.0) (1.000,180.0) (1.000,180.0) (0.000,  0.0) (0.000,  0.0) (0.000,  0.0) (0.000,  0.0) (0.000,  0.0) (0.000,  0.0) (0.000,  0.0) (0.000,  0.0) (1.000,180.0) (1.000,180.0) (1.000,  0.0) (1.000,  0.0) (1.000,  0.0) (1.000,180.0) (1.000,180.0) (1.000,  0.0) (1.000,  0.0) (1.000,180.0) (1.000,  0.0) (1.000,180.0) (3.000,  0.0) (1.000,180.0) (1.000,180.0) (1.000,180.0) (0.000,  0.0) (0.000,  0.0) (0.000,  0.0) (0.000,  0.0) (0.000,  0.0) (0.000,  0.0) (0.000,  0.0) (0.000,  0.0) (1.000,180.0) (1.000,180.0) (1.000,  0.0) (1.000,  0.0) (1.000,  0.0) (1.000,180.0) (1.000,180.0) (1.000,  0.0) (1.000,  0.0) (1.000,180.0) (1.000,  0.0) (1.000,180.0) 
X_3-      (3.000,  0.0) (1.000,180.0) (1.000,180.0) (1.000,180.0) (0.000,  0.0) (0.000,  0.0) (0.000,  0.0) (0.000,  0.0) (0.000,  0.0) (0.000,  0.0) (0.000,  0.0) (0.000,  0.0) (1.000,180.0) (1.000,180.0) (1.000,  0.0) (1.000,  0.0) (1.000,  0.0) (1.000,180.0) (1.000,180.0) (1.000,  0.0) (1.000,  0.0) (1.000,180.0) (1.000,  0.0) (1.000,180.0) (3.000,180.0) (1.000,  0.0) (1.000,  0.0) (1.000,  0.0) (0.000,  0.0) (0.000,  0.0) (0.000,  0.0) (0.000,  0.0) (0.000,  0.0) (0.000,  0.0) (0.000,  0.0) (0.000,  0.0) (1.000,  0.0) (1.000,  0.0) (1.000,180.0) (1.000,180.0) (1.000,180.0) (1.000,  0.0) (1.000,  0.0) (1.000,180.0) (1.000,180.0) (1.000,  0.0) (1.000,180.0) (1.000,  0.0) 
X_5+      (6.000,  0.0) (2.000,180.0) (2.000,180.0) (2.000,180.0) (0.000,  0.0) (0.000,  0.0) (0.000,  0.0) (0.000,  0.0) (0.000,  0.0) (0.000,  0.0) (0.000,  0.0) (0.000,  0.0) (0.000,  0.0) (0.000,  0.0) (0.000,  0.0) (0.000,  0.0) (0.000,  0.0) (0.000,  0.0) (0.000,  0.0) (0.000,  0.0) (0.000,  0.0) (0.000,  0.0) (0.000,  0.0) (0.000,  0.0) (6.000,  0.0) (2.000,180.0) (2.000,180.0) (2.000,180.0) (0.000,  0.0) (0.000,  0.0) (0.000,  0.0) (0.000,  0.0) (0.000,  0.0) (0.000,  0.0) (0.000,  0.0) (0.000,  0.0) (0.000,  0.0) (0.000,  0.0) (0.000,  0.0) (0.000,  0.0) (0.000,  0.0) (0.000,  0.0) (0.000,  0.0) (0.000,  0.0) (0.000,  0.0) (0.000,  0.0) (0.000,  0.0) (0.000,  0.0) 
X_5-      (6.000,  0.0) (2.000,180.0) (2.000,180.0) (2.000,180.0) (0.000,  0.0) (0.000,  0.0) (0.000,  0.0) (0.000,  0.0) (0.000,  0.0) (0.000,  0.0) (0.000,  0.0) (0.000,  0.0) (0.000,  0.0) (0.000,  0.0) (0.000,  0.0) (0.000,  0.0) (0.000,  0.0) (0.000,  0.0) (0.000,  0.0) (0.000,  0.0) (0.000,  0.0) (0.000,  0.0) (0.000,  0.0) (0.000,  0.0) (6.000,180.0) (2.000,  0.0) (2.000,  0.0) (2.000,  0.0) (0.000,  0.0) (0.000,  0.0) (0.000,  0.0) (0.000,  0.0) (0.000,  0.0) (0.000,  0.0) (0.000,  0.0) (0.000,  0.0) (0.000,  0.0) (0.000,  0.0) (0.000,  0.0) (0.000,  0.0) (0.000,  0.0) (0.000,  0.0) (0.000,  0.0) (0.000,  0.0) (0.000,  0.0) (0.000,  0.0) (0.000,  0.0) (0.000,  0.0) 


Physically-irreducible representations:
  *X_2+  *X_2-  *X_4+  *X_4-  *X_1+  *X_1-  *X_3+  *X_3-  *X_5+  *X_5-