Space group number 124 , P4/mcc
Lattice type : tP

Number of generators : 5

        1                  2                  3                  4          
  1  0  0     0     -1  0  0     0      0 -1  0     0     -1  0  0     0    
  0  1  0     0      0 -1  0     0      1  0  0     0      0  1  0     0    
  0  0  1     0      0  0  1     0      0  0  1     0      0  0 -1   1/2    

        5          
 -1  0  0     0    
  0 -1  0     0    
  0  0 -1     0    


Number of elements : 16

        1                  2                  3                  4          
  1  0  0     0     -1  0  0     0      0 -1  0     0      0  1  0     0    
  0  1  0     0      0 -1  0     0      1  0  0     0     -1  0  0     0    
  0  0  1     0      0  0  1     0      0  0  1     0      0  0  1     0    

        5                  6                  7                  8          
 -1  0  0     0      1  0  0     0      0  1  0     0      0 -1  0     0    
  0  1  0     0      0 -1  0     0      1  0  0     0     -1  0  0     0    
  0  0 -1   1/2      0  0 -1   1/2      0  0 -1   1/2      0  0 -1   1/2    

        9                 10                 11                 12          
 -1  0  0     0      1  0  0     0      0  1  0     0      0 -1  0     0    
  0 -1  0     0      0  1  0     0     -1  0  0     0      1  0  0     0    
  0  0 -1     0      0  0 -1     0      0  0 -1     0      0  0 -1     0    

       13                 14                 15                 16          
  1  0  0     0     -1  0  0     0      0 -1  0     0      0  1  0     0    
  0 -1  0     0      0  1  0     0     -1  0  0     0      1  0  0     0    
  0  0  1  -1/2      0  0  1  -1/2      0  0  1  -1/2      0  0  1  -1/2    


k-vector 
  in primitive basis :                        0.000  0.000 -0.500
  in standard dual basis :                    0.000  0.000 -0.500
The user label for this k-vector is:          Z
The standard label for this k-vector is:      Z


The star of the k-vector has the following 1 arms :
  0.000  0.000 -0.500


The little group of the k-vector has the following 16
elements as translation coset representatives :

        1                  2                  3                  4          
  1  0  0     0     -1  0  0     0      0 -1  0     0      0  1  0     0    
  0  1  0     0      0 -1  0     0      1  0  0     0     -1  0  0     0    
  0  0  1     0      0  0  1     0      0  0  1     0      0  0  1     0    

        5                  6                  7                  8          
 -1  0  0     0      1  0  0     0      0  1  0     0      0 -1  0     0    
  0  1  0     0      0 -1  0     0      1  0  0     0     -1  0  0     0    
  0  0 -1   1/2      0  0 -1   1/2      0  0 -1   1/2      0  0 -1   1/2    

        9                 10                 11                 12          
 -1  0  0     0      1  0  0     0      0  1  0     0      0 -1  0     0    
  0 -1  0     0      0  1  0     0     -1  0  0     0      1  0  0     0    
  0  0 -1     0      0  0 -1     0      0  0 -1     0      0  0 -1     0    

       13                 14                 15                 16          
  1  0  0     0     -1  0  0     0      0 -1  0     0      0  1  0     0    
  0 -1  0     0      0  1  0     0     -1  0  0     0      1  0  0     0    
  0  0  1  -1/2      0  0  1  -1/2      0  0  1  -1/2      0  0  1  -1/2    


The space group has the following 1 elements as
coset representatives relative to the little group :

        1          
  1  0  0     0    
  0  1  0     0    
  0  0  1     0    


The little group of the k-vector has  4  allowed irreps.
The matrices, corresponding to all of the little group elements are :

 Irrep Z_2 ,  dimension 2
             1                             2                
(1.000,  0.0) (0.000,  0.0)   (1.000,  0.0) (0.000,  0.0)   
(0.000,  0.0) (1.000,  0.0)   (0.000,  0.0) (1.000,  0.0)   

             3                             4                
(1.000,  0.0) (0.000,  0.0)   (1.000,  0.0) (0.000,  0.0)   
(0.000,  0.0) (1.000,  0.0)   (0.000,  0.0) (1.000,  0.0)   

             5                             6                
(1.000,  0.0) (0.000,  0.0)   (1.000,  0.0) (0.000,  0.0)   
(0.000,  0.0) (1.000,180.0)   (0.000,  0.0) (1.000,180.0)   

             7                             8                
(1.000,  0.0) (0.000,  0.0)   (1.000,  0.0) (0.000,  0.0)   
(0.000,  0.0) (1.000,180.0)   (0.000,  0.0) (1.000,180.0)   

             9                            10                
(0.000,  0.0) (1.000,  0.0)   (0.000,  0.0) (1.000,  0.0)   
(1.000,  0.0) (0.000,  0.0)   (1.000,  0.0) (0.000,  0.0)   

            11                            12                
(0.000,  0.0) (1.000,  0.0)   (0.000,  0.0) (1.000,  0.0)   
(1.000,  0.0) (0.000,  0.0)   (1.000,  0.0) (0.000,  0.0)   

            13                            14                
(0.000,  0.0) (1.000,180.0)   (0.000,  0.0) (1.000,180.0)   
(1.000,  0.0) (0.000,  0.0)   (1.000,  0.0) (0.000,  0.0)   

            15                            16                
(0.000,  0.0) (1.000,180.0)   (0.000,  0.0) (1.000,180.0)   
(1.000,  0.0) (0.000,  0.0)   (1.000,  0.0) (0.000,  0.0)   


 Irrep Z_1 ,  dimension 2
             1                             2                
(1.000,  0.0) (0.000,  0.0)   (1.000,  0.0) (0.000,  0.0)   
(0.000,  0.0) (1.000,  0.0)   (0.000,  0.0) (1.000,  0.0)   

             3                             4                
(1.000,180.0) (0.000,  0.0)   (1.000,180.0) (0.000,  0.0)   
(0.000,  0.0) (1.000,180.0)   (0.000,  0.0) (1.000,180.0)   

             5                             6                
(1.000,  0.0) (0.000,  0.0)   (1.000,  0.0) (0.000,  0.0)   
(0.000,  0.0) (1.000,180.0)   (0.000,  0.0) (1.000,180.0)   

             7                             8                
(1.000,180.0) (0.000,  0.0)   (1.000,180.0) (0.000,  0.0)   
(0.000,  0.0) (1.000,  0.0)   (0.000,  0.0) (1.000,  0.0)   

             9                            10                
(0.000,  0.0) (1.000,  0.0)   (0.000,  0.0) (1.000,  0.0)   
(1.000,  0.0) (0.000,  0.0)   (1.000,  0.0) (0.000,  0.0)   

            11                            12                
(0.000,  0.0) (1.000,180.0)   (0.000,  0.0) (1.000,180.0)   
(1.000,180.0) (0.000,  0.0)   (1.000,180.0) (0.000,  0.0)   

            13                            14                
(0.000,  0.0) (1.000,180.0)   (0.000,  0.0) (1.000,180.0)   
(1.000,  0.0) (0.000,  0.0)   (1.000,  0.0) (0.000,  0.0)   

            15                            16                
(0.000,  0.0) (1.000,  0.0)   (0.000,  0.0) (1.000,  0.0)   
(1.000,180.0) (0.000,  0.0)   (1.000,180.0) (0.000,  0.0)   


 Irrep Z_3 ,  dimension 2
             1                             2                
(1.000,  0.0) (0.000,  0.0)   (1.000,180.0) (0.000,  0.0)   
(0.000,  0.0) (1.000,  0.0)   (0.000,  0.0) (1.000,180.0)   

             3                             4                
(1.000, 90.0) (0.000,  0.0)   (1.000,270.0) (0.000,  0.0)   
(0.000,  0.0) (1.000,270.0)   (0.000,  0.0) (1.000, 90.0)   

             5                             6                
(0.000,  0.0) (1.000,  0.0)   (0.000,  0.0) (1.000,180.0)   
(1.000,  0.0) (0.000,  0.0)   (1.000,180.0) (0.000,  0.0)   

             7                             8                
(0.000,  0.0) (1.000,270.0)   (0.000,  0.0) (1.000, 90.0)   
(1.000, 90.0) (0.000,  0.0)   (1.000,270.0) (0.000,  0.0)   

             9                            10                
(1.000,180.0) (0.000,  0.0)   (1.000,  0.0) (0.000,  0.0)   
(0.000,  0.0) (1.000,  0.0)   (0.000,  0.0) (1.000,180.0)   

            11                            12                
(1.000,270.0) (0.000,  0.0)   (1.000, 90.0) (0.000,  0.0)   
(0.000,  0.0) (1.000,270.0)   (0.000,  0.0) (1.000, 90.0)   

            13                            14                
(0.000,  0.0) (1.000,180.0)   (0.000,  0.0) (1.000,  0.0)   
(1.000,  0.0) (0.000,  0.0)   (1.000,180.0) (0.000,  0.0)   

            15                            16                
(0.000,  0.0) (1.000, 90.0)   (0.000,  0.0) (1.000,270.0)   
(1.000, 90.0) (0.000,  0.0)   (1.000,270.0) (0.000,  0.0)   


 Irrep Z_4 ,  dimension 2
             1                             2                
(1.000,  0.0) (0.000,  0.0)   (1.000,180.0) (0.000,  0.0)   
(0.000,  0.0) (1.000,  0.0)   (0.000,  0.0) (1.000,180.0)   

             3                             4                
(1.000, 90.0) (0.000,  0.0)   (1.000,270.0) (0.000,  0.0)   
(0.000,  0.0) (1.000,270.0)   (0.000,  0.0) (1.000, 90.0)   

             5                             6                
(0.000,  0.0) (1.000,  0.0)   (0.000,  0.0) (1.000,180.0)   
(1.000,  0.0) (0.000,  0.0)   (1.000,180.0) (0.000,  0.0)   

             7                             8                
(0.000,  0.0) (1.000,270.0)   (0.000,  0.0) (1.000, 90.0)   
(1.000, 90.0) (0.000,  0.0)   (1.000,270.0) (0.000,  0.0)   

             9                            10                
(1.000,  0.0) (0.000,  0.0)   (1.000,180.0) (0.000,  0.0)   
(0.000,  0.0) (1.000,180.0)   (0.000,  0.0) (1.000,  0.0)   

            11                            12                
(1.000, 90.0) (0.000,  0.0)   (1.000,270.0) (0.000,  0.0)   
(0.000,  0.0) (1.000, 90.0)   (0.000,  0.0) (1.000,270.0)   

            13                            14                
(0.000,  0.0) (1.000,  0.0)   (0.000,  0.0) (1.000,180.0)   
(1.000,180.0) (0.000,  0.0)   (1.000,  0.0) (0.000,  0.0)   

            15                            16                
(0.000,  0.0) (1.000,270.0)   (0.000,  0.0) (1.000, 90.0)   
(1.000,270.0) (0.000,  0.0)   (1.000, 90.0) (0.000,  0.0)   


General position characters:
Gen Pos:      1             2             3             4             5             6             7             8             9             10             11             12             13             14             15             16             
Z_2      (2.000,  0.0) (2.000,  0.0) (2.000,  0.0) (2.000,  0.0) (0.000,  0.0) (0.000,  0.0) (0.000,  0.0) (0.000,  0.0) (0.000,  0.0) (0.000,  0.0) (0.000,  0.0) (0.000,  0.0) (0.000,  0.0) (0.000,  0.0) (0.000,  0.0) (0.000,  0.0) 
Z_1      (2.000,  0.0) (2.000,  0.0) (2.000,180.0) (2.000,180.0) (0.000,  0.0) (0.000,  0.0) (0.000,  0.0) (0.000,  0.0) (0.000,  0.0) (0.000,  0.0) (0.000,  0.0) (0.000,  0.0) (0.000,  0.0) (0.000,  0.0) (0.000,  0.0) (0.000,  0.0) 
Z_3      (2.000,  0.0) (2.000,180.0) (0.000,  0.0) (0.000,  0.0) (0.000,  0.0) (0.000,  0.0) (0.000,  0.0) (0.000,  0.0) (0.000,  0.0) (0.000,  0.0) (2.000,270.0) (2.000, 90.0) (0.000,  0.0) (0.000,  0.0) (0.000,  0.0) (0.000,  0.0) 
Z_4      (2.000,  0.0) (2.000,180.0) (0.000,  0.0) (0.000,  0.0) (0.000,  0.0) (0.000,  0.0) (0.000,  0.0) (0.000,  0.0) (0.000,  0.0) (0.000,  0.0) (2.000, 90.0) (2.000,270.0) (0.000,  0.0) (0.000,  0.0) (0.000,  0.0) (0.000,  0.0) 


Physically-irreducible representations:
  *Z_2  *Z_1  *Z_3+*Z_4