Space group number 229 , Im-3m
Lattice type : cI

Number of generators : 6

        1                  2                  3                  4          
  1  0  0     0     -1  0  0     0     -1  0  0     0      0  0  1     0    
  0  1  0     0      0 -1  0     0      0  1  0     0      1  0  0     0    
  0  0  1     0      0  0  1     0      0  0 -1     0      0  1  0     0    

        5                  6          
  0  1  0     0     -1  0  0     0    
  1  0  0     0      0 -1  0     0    
  0  0 -1     0      0  0 -1     0    


Number of elements : 48

        1                  2                  3                  4          
  1  0  0     0     -1  0  0     0     -1  0  0     0      1  0  0     0    
  0  1  0     0      0 -1  0     0      0  1  0     0      0 -1  0     0    
  0  0  1     0      0  0  1     0      0  0 -1     0      0  0 -1     0    

        5                  6                  7                  8          
  0  0  1     0      0  0  1     0      0  0 -1     0      0  0 -1     0    
  1  0  0     0     -1  0  0     0     -1  0  0     0      1  0  0     0    
  0  1  0     0      0 -1  0     0      0  1  0     0      0 -1  0     0    

        9                 10                 11                 12          
  0  1  0     0      0 -1  0     0      0  1  0     0      0 -1  0     0    
  0  0  1     0      0  0  1     0      0  0 -1     0      0  0 -1     0    
  1  0  0     0     -1  0  0     0     -1  0  0     0      1  0  0     0    

       13                 14                 15                 16          
  0  1  0     0      0 -1  0     0      0  1  0     0      0 -1  0     0    
  1  0  0     0     -1  0  0     0     -1  0  0     0      1  0  0     0    
  0  0 -1     0      0  0 -1     0      0  0  1     0      0  0  1     0    

       17                 18                 19                 20          
  1  0  0     0     -1  0  0     0     -1  0  0     0      1  0  0     0    
  0  0  1     0      0  0  1     0      0  0 -1     0      0  0 -1     0    
  0 -1  0     0      0  1  0     0      0 -1  0     0      0  1  0     0    

       21                 22                 23                 24          
  0  0  1     0      0  0  1     0      0  0 -1     0      0  0 -1     0    
  0  1  0     0      0 -1  0     0      0  1  0     0      0 -1  0     0    
 -1  0  0     0      1  0  0     0      1  0  0     0     -1  0  0     0    

       25                 26                 27                 28          
 -1  0  0     0      1  0  0     0      1  0  0     0     -1  0  0     0    
  0 -1  0     0      0  1  0     0      0 -1  0     0      0  1  0     0    
  0  0 -1     0      0  0 -1     0      0  0  1     0      0  0  1     0    

       29                 30                 31                 32          
  0  0 -1     0      0  0 -1     0      0  0  1     0      0  0  1     0    
 -1  0  0     0      1  0  0     0      1  0  0     0     -1  0  0     0    
  0 -1  0     0      0  1  0     0      0 -1  0     0      0  1  0     0    

       33                 34                 35                 36          
  0 -1  0     0      0  1  0     0      0 -1  0     0      0  1  0     0    
  0  0 -1     0      0  0 -1     0      0  0  1     0      0  0  1     0    
 -1  0  0     0      1  0  0     0      1  0  0     0     -1  0  0     0    

       37                 38                 39                 40          
  0 -1  0     0      0  1  0     0      0 -1  0     0      0  1  0     0    
 -1  0  0     0      1  0  0     0      1  0  0     0     -1  0  0     0    
  0  0  1     0      0  0  1     0      0  0 -1     0      0  0 -1     0    

       41                 42                 43                 44          
 -1  0  0     0      1  0  0     0      1  0  0     0     -1  0  0     0    
  0  0 -1     0      0  0 -1     0      0  0  1     0      0  0  1     0    
  0  1  0     0      0 -1  0     0      0  1  0     0      0 -1  0     0    

       45                 46                 47                 48          
  0  0 -1     0      0  0 -1     0      0  0  1     0      0  0  1     0    
  0 -1  0     0      0  1  0     0      0 -1  0     0      0  1  0     0    
  1  0  0     0     -1  0  0     0     -1  0  0     0      1  0  0     0    


k-vector 
  in primitive basis :                       -0.500  0.000  0.000
  in standard dual basis :                    0.000 -0.500 -0.500
The user label for this k-vector is:          N
The standard label for this k-vector is:      N


The star of the k-vector has the following 6 arms :
  0.000 -0.500 -0.500
 -0.000  0.500 -0.500
 -0.500 -0.500  0.000
  0.500 -0.500 -0.000
 -0.500  0.000 -0.500
  0.500 -0.000 -0.500


The little group of the k-vector has the following 8
elements as translation coset representatives :

        1                  2                  3                  4          
  1  0  0     0      1  0  0     0     -1  0  0     0     -1  0  0     0    
  0  1  0     0      0 -1  0     0      0  0  1     0      0  0 -1     0    
  0  0  1     0      0  0 -1     0      0  1  0     0      0 -1  0     0    

        5                  6                  7                  8          
 -1  0  0     0     -1  0  0     0      1  0  0     0      1  0  0     0    
  0 -1  0     0      0  1  0     0      0  0 -1     0      0  0  1     0    
  0  0 -1     0      0  0  1     0      0 -1  0     0      0  1  0     0    


The space group has the following 6 elements as
coset representatives relative to the little group :

        1                  2                  3                  4          
  1  0  0     0     -1  0  0     0      0  0  1     0      0  0 -1     0    
  0  1  0     0      0 -1  0     0      1  0  0     0     -1  0  0     0    
  0  0  1     0      0  0  1     0      0  1  0     0      0  1  0     0    

        5                  6          
  0  1  0     0      0 -1  0     0    
  0  0  1     0      0  0  1     0    
  1  0  0     0     -1  0  0     0    


The little group of the k-vector has  8  allowed irreps.
The matrices, corresponding to all of the little group elements are :

 Irrep N_1+ ,  dimension 1
      1               2               3               4         
(1.000,  0.0)   (1.000,  0.0)   (1.000,  0.0)   (1.000,  0.0)   

      5               6               7               8         
(1.000,  0.0)   (1.000,  0.0)   (1.000,  0.0)   (1.000,  0.0)   


 Irrep N_1- ,  dimension 1
      1               2               3               4         
(1.000,  0.0)   (1.000,  0.0)   (1.000,  0.0)   (1.000,  0.0)   

      5               6               7               8         
(1.000,180.0)   (1.000,180.0)   (1.000,180.0)   (1.000,180.0)   


 Irrep N_2+ ,  dimension 1
      1               2               3               4         
(1.000,  0.0)   (1.000,  0.0)   (1.000,180.0)   (1.000,180.0)   

      5               6               7               8         
(1.000,  0.0)   (1.000,  0.0)   (1.000,180.0)   (1.000,180.0)   


 Irrep N_2- ,  dimension 1
      1               2               3               4         
(1.000,  0.0)   (1.000,  0.0)   (1.000,180.0)   (1.000,180.0)   

      5               6               7               8         
(1.000,180.0)   (1.000,180.0)   (1.000,  0.0)   (1.000,  0.0)   


 Irrep N_3+ ,  dimension 1
      1               2               3               4         
(1.000,  0.0)   (1.000,180.0)   (1.000,  0.0)   (1.000,180.0)   

      5               6               7               8         
(1.000,  0.0)   (1.000,180.0)   (1.000,  0.0)   (1.000,180.0)   


 Irrep N_3- ,  dimension 1
      1               2               3               4         
(1.000,  0.0)   (1.000,180.0)   (1.000,  0.0)   (1.000,180.0)   

      5               6               7               8         
(1.000,180.0)   (1.000,  0.0)   (1.000,180.0)   (1.000,  0.0)   


 Irrep N_4+ ,  dimension 1
      1               2               3               4         
(1.000,  0.0)   (1.000,180.0)   (1.000,180.0)   (1.000,  0.0)   

      5               6               7               8         
(1.000,  0.0)   (1.000,180.0)   (1.000,180.0)   (1.000,  0.0)   


 Irrep N_4- ,  dimension 1
      1               2               3               4         
(1.000,  0.0)   (1.000,180.0)   (1.000,180.0)   (1.000,  0.0)   

      5               6               7               8         
(1.000,180.0)   (1.000,  0.0)   (1.000,  0.0)   (1.000,180.0)   


General position characters:
Gen Pos:      1             2             3             4             5             6             7             8             9             10             11             12             13             14             15             16             17             18             19             20             21             22             23             24             25             26             27             28             29             30             31             32             33             34             35             36             37             38             39             40             41             42             43             44             45             46             47             48             
N_1+      (6.000,  0.0) (2.000,  0.0) (2.000,  0.0) (2.000,  0.0) (0.000,  0.0) (0.000,  0.0) (0.000,  0.0) (0.000,  0.0) (0.000,  0.0) (0.000,  0.0) (0.000,  0.0) (0.000,  0.0) (2.000,  0.0) (2.000,  0.0) (0.000,  0.0) (0.000,  0.0) (0.000,  0.0) (2.000,  0.0) (2.000,  0.0) (0.000,  0.0) (0.000,  0.0) (2.000,  0.0) (0.000,  0.0) (2.000,  0.0) (6.000,  0.0) (2.000,  0.0) (2.000,  0.0) (2.000,  0.0) (0.000,  0.0) (0.000,  0.0) (0.000,  0.0) (0.000,  0.0) (0.000,  0.0) (0.000,  0.0) (0.000,  0.0) (0.000,  0.0) (2.000,  0.0) (2.000,  0.0) (0.000,  0.0) (0.000,  0.0) (0.000,  0.0) (2.000,  0.0) (2.000,  0.0) (0.000,  0.0) (0.000,  0.0) (2.000,  0.0) (0.000,  0.0) (2.000,  0.0) 
N_1-      (6.000,  0.0) (2.000,  0.0) (2.000,  0.0) (2.000,  0.0) (0.000,  0.0) (0.000,  0.0) (0.000,  0.0) (0.000,  0.0) (0.000,  0.0) (0.000,  0.0) (0.000,  0.0) (0.000,  0.0) (2.000,  0.0) (2.000,  0.0) (0.000,  0.0) (0.000,  0.0) (0.000,  0.0) (2.000,  0.0) (2.000,  0.0) (0.000,  0.0) (0.000,  0.0) (2.000,  0.0) (0.000,  0.0) (2.000,  0.0) (6.000,180.0) (2.000,180.0) (2.000,180.0) (2.000,180.0) (0.000,  0.0) (0.000,  0.0) (0.000,  0.0) (0.000,  0.0) (0.000,  0.0) (0.000,  0.0) (0.000,  0.0) (0.000,  0.0) (2.000,180.0) (2.000,180.0) (0.000,  0.0) (0.000,  0.0) (0.000,  0.0) (2.000,180.0) (2.000,180.0) (0.000,  0.0) (0.000,  0.0) (2.000,180.0) (0.000,  0.0) (2.000,180.0) 
N_2+      (6.000,  0.0) (2.000,  0.0) (2.000,  0.0) (2.000,  0.0) (0.000,  0.0) (0.000,  0.0) (0.000,  0.0) (0.000,  0.0) (0.000,  0.0) (0.000,  0.0) (0.000,  0.0) (0.000,  0.0) (2.000,180.0) (2.000,180.0) (0.000,  0.0) (0.000,  0.0) (0.000,  0.0) (2.000,180.0) (2.000,180.0) (0.000,  0.0) (0.000,  0.0) (2.000,180.0) (0.000,  0.0) (2.000,180.0) (6.000,  0.0) (2.000,  0.0) (2.000,  0.0) (2.000,  0.0) (0.000,  0.0) (0.000,  0.0) (0.000,  0.0) (0.000,  0.0) (0.000,  0.0) (0.000,  0.0) (0.000,  0.0) (0.000,  0.0) (2.000,180.0) (2.000,180.0) (0.000,  0.0) (0.000,  0.0) (0.000,  0.0) (2.000,180.0) (2.000,180.0) (0.000,  0.0) (0.000,  0.0) (2.000,180.0) (0.000,  0.0) (2.000,180.0) 
N_2-      (6.000,  0.0) (2.000,  0.0) (2.000,  0.0) (2.000,  0.0) (0.000,  0.0) (0.000,  0.0) (0.000,  0.0) (0.000,  0.0) (0.000,  0.0) (0.000,  0.0) (0.000,  0.0) (0.000,  0.0) (2.000,180.0) (2.000,180.0) (0.000,  0.0) (0.000,  0.0) (0.000,  0.0) (2.000,180.0) (2.000,180.0) (0.000,  0.0) (0.000,  0.0) (2.000,180.0) (0.000,  0.0) (2.000,180.0) (6.000,180.0) (2.000,180.0) (2.000,180.0) (2.000,180.0) (0.000,  0.0) (0.000,  0.0) (0.000,  0.0) (0.000,  0.0) (0.000,  0.0) (0.000,  0.0) (0.000,  0.0) (0.000,  0.0) (2.000,  0.0) (2.000,  0.0) (0.000,  0.0) (0.000,  0.0) (0.000,  0.0) (2.000,  0.0) (2.000,  0.0) (0.000,  0.0) (0.000,  0.0) (2.000,  0.0) (0.000,  0.0) (2.000,  0.0) 
N_3+      (6.000,  0.0) (2.000,180.0) (2.000,180.0) (2.000,180.0) (0.000,  0.0) (0.000,  0.0) (0.000,  0.0) (0.000,  0.0) (0.000,  0.0) (0.000,  0.0) (0.000,  0.0) (0.000,  0.0) (0.000,  0.0) (0.000,  0.0) (0.000,  0.0) (0.000,  0.0) (0.000,  0.0) (0.000,  0.0) (0.000,  0.0) (0.000,  0.0) (0.000,  0.0) (0.000,  0.0) (0.000,  0.0) (0.000,  0.0) (6.000,  0.0) (2.000,180.0) (2.000,180.0) (2.000,180.0) (0.000,  0.0) (0.000,  0.0) (0.000,  0.0) (0.000,  0.0) (0.000,  0.0) (0.000,  0.0) (0.000,  0.0) (0.000,  0.0) (0.000,  0.0) (0.000,  0.0) (0.000,  0.0) (0.000,  0.0) (0.000,  0.0) (0.000,  0.0) (0.000,  0.0) (0.000,  0.0) (0.000,  0.0) (0.000,  0.0) (0.000,  0.0) (0.000,  0.0) 
N_3-      (6.000,  0.0) (2.000,180.0) (2.000,180.0) (2.000,180.0) (0.000,  0.0) (0.000,  0.0) (0.000,  0.0) (0.000,  0.0) (0.000,  0.0) (0.000,  0.0) (0.000,  0.0) (0.000,  0.0) (0.000,  0.0) (0.000,  0.0) (0.000,  0.0) (0.000,  0.0) (0.000,  0.0) (0.000,  0.0) (0.000,  0.0) (0.000,  0.0) (0.000,  0.0) (0.000,  0.0) (0.000,  0.0) (0.000,  0.0) (6.000,180.0) (2.000,  0.0) (2.000,  0.0) (2.000,  0.0) (0.000,  0.0) (0.000,  0.0) (0.000,  0.0) (0.000,  0.0) (0.000,  0.0) (0.000,  0.0) (0.000,  0.0) (0.000,  0.0) (0.000,  0.0) (0.000,  0.0) (0.000,  0.0) (0.000,  0.0) (0.000,  0.0) (0.000,  0.0) (0.000,  0.0) (0.000,  0.0) (0.000,  0.0) (0.000,  0.0) (0.000,  0.0) (0.000,  0.0) 
N_4+      (6.000,  0.0) (2.000,180.0) (2.000,180.0) (2.000,180.0) (0.000,  0.0) (0.000,  0.0) (0.000,  0.0) (0.000,  0.0) (0.000,  0.0) (0.000,  0.0) (0.000,  0.0) (0.000,  0.0) (0.000,  0.0) (0.000,  0.0) (0.000,  0.0) (0.000,  0.0) (0.000,  0.0) (0.000,  0.0) (0.000,  0.0) (0.000,  0.0) (0.000,  0.0) (0.000,  0.0) (0.000,  0.0) (0.000,  0.0) (6.000,  0.0) (2.000,180.0) (2.000,180.0) (2.000,180.0) (0.000,  0.0) (0.000,  0.0) (0.000,  0.0) (0.000,  0.0) (0.000,  0.0) (0.000,  0.0) (0.000,  0.0) (0.000,  0.0) (0.000,  0.0) (0.000,  0.0) (0.000,  0.0) (0.000,  0.0) (0.000,  0.0) (0.000,  0.0) (0.000,  0.0) (0.000,  0.0) (0.000,  0.0) (0.000,  0.0) (0.000,  0.0) (0.000,  0.0) 
N_4-      (6.000,  0.0) (2.000,180.0) (2.000,180.0) (2.000,180.0) (0.000,  0.0) (0.000,  0.0) (0.000,  0.0) (0.000,  0.0) (0.000,  0.0) (0.000,  0.0) (0.000,  0.0) (0.000,  0.0) (0.000,  0.0) (0.000,  0.0) (0.000,  0.0) (0.000,  0.0) (0.000,  0.0) (0.000,  0.0) (0.000,  0.0) (0.000,  0.0) (0.000,  0.0) (0.000,  0.0) (0.000,  0.0) (0.000,  0.0) (6.000,180.0) (2.000,  0.0) (2.000,  0.0) (2.000,  0.0) (0.000,  0.0) (0.000,  0.0) (0.000,  0.0) (0.000,  0.0) (0.000,  0.0) (0.000,  0.0) (0.000,  0.0) (0.000,  0.0) (0.000,  0.0) (0.000,  0.0) (0.000,  0.0) (0.000,  0.0) (0.000,  0.0) (0.000,  0.0) (0.000,  0.0) (0.000,  0.0) (0.000,  0.0) (0.000,  0.0) (0.000,  0.0) (0.000,  0.0) 


Physically-irreducible representations:
  *N_1+  *N_1-  *N_2+  *N_2-  *N_3+  *N_3-  *N_4+  *N_4-