Space group number 131 , P4_2/mmc
Lattice type : tP

Number of generators : 5

        1                  2                  3                  4          
  1  0  0     0     -1  0  0     0      0 -1  0     0     -1  0  0     0    
  0  1  0     0      0 -1  0     0      1  0  0     0      0  1  0     0    
  0  0  1     0      0  0  1     0      0  0  1   1/2      0  0 -1     0    

        5          
 -1  0  0     0    
  0 -1  0     0    
  0  0 -1     0    


Number of elements : 16

        1                  2                  3                  4          
  1  0  0     0     -1  0  0     0      0 -1  0     0      0  1  0     0    
  0  1  0     0      0 -1  0     0      1  0  0     0     -1  0  0     0    
  0  0  1     0      0  0  1     0      0  0  1   1/2      0  0  1   1/2    

        5                  6                  7                  8          
 -1  0  0     0      1  0  0     0      0  1  0     0      0 -1  0     0    
  0  1  0     0      0 -1  0     0      1  0  0     0     -1  0  0     0    
  0  0 -1     0      0  0 -1     0      0  0 -1  -1/2      0  0 -1  -1/2    

        9                 10                 11                 12          
 -1  0  0     0      1  0  0     0      0  1  0     0      0 -1  0     0    
  0 -1  0     0      0  1  0     0     -1  0  0     0      1  0  0     0    
  0  0 -1     0      0  0 -1     0      0  0 -1  -1/2      0  0 -1  -1/2    

       13                 14                 15                 16          
  1  0  0     0     -1  0  0     0      0 -1  0     0      0  1  0     0    
  0 -1  0     0      0  1  0     0     -1  0  0     0      1  0  0     0    
  0  0  1     0      0  0  1     0      0  0  1   1/2      0  0  1   1/2    


k-vector 
  in primitive basis :                        0.000 -0.500 -0.500
  in standard dual basis :                    0.000 -0.500 -0.500
The user label for this k-vector is:          R
The standard label for this k-vector is:      R


The star of the k-vector has the following 2 arms :
  0.000 -0.500 -0.500
 -0.500 -0.000 -0.500


The little group of the k-vector has the following 8
elements as translation coset representatives :

        1                  2                  3                  4          
  1  0  0     0     -1  0  0     0     -1  0  0     0      1  0  0     0    
  0  1  0     0      0 -1  0     0      0  1  0     0      0 -1  0     0    
  0  0  1     0      0  0  1     0      0  0 -1     0      0  0 -1     0    

        5                  6                  7                  8          
 -1  0  0     0      1  0  0     0      1  0  0     0     -1  0  0     0    
  0 -1  0     0      0  1  0     0      0 -1  0     0      0  1  0     0    
  0  0 -1     0      0  0 -1     0      0  0  1     0      0  0  1     0    


The space group has the following 2 elements as
coset representatives relative to the little group :

        1                  2          
  1  0  0     0      0 -1  0     0    
  0  1  0     0      1  0  0     0    
  0  0  1     0      0  0  1   1/2    


The little group of the k-vector has  8  allowed irreps.
The matrices, corresponding to all of the little group elements are :

 Irrep R_1+ ,  dimension 1
      1               2               3               4         
(1.000,  0.0)   (1.000,  0.0)   (1.000,  0.0)   (1.000,  0.0)   

      5               6               7               8         
(1.000,  0.0)   (1.000,  0.0)   (1.000,  0.0)   (1.000,  0.0)   


 Irrep R_1- ,  dimension 1
      1               2               3               4         
(1.000,  0.0)   (1.000,  0.0)   (1.000,  0.0)   (1.000,  0.0)   

      5               6               7               8         
(1.000,180.0)   (1.000,180.0)   (1.000,180.0)   (1.000,180.0)   


 Irrep R_2+ ,  dimension 1
      1               2               3               4         
(1.000,  0.0)   (1.000,  0.0)   (1.000,180.0)   (1.000,180.0)   

      5               6               7               8         
(1.000,  0.0)   (1.000,  0.0)   (1.000,180.0)   (1.000,180.0)   


 Irrep R_2- ,  dimension 1
      1               2               3               4         
(1.000,  0.0)   (1.000,  0.0)   (1.000,180.0)   (1.000,180.0)   

      5               6               7               8         
(1.000,180.0)   (1.000,180.0)   (1.000,  0.0)   (1.000,  0.0)   


 Irrep R_4+ ,  dimension 1
      1               2               3               4         
(1.000,  0.0)   (1.000,180.0)   (1.000,  0.0)   (1.000,180.0)   

      5               6               7               8         
(1.000,  0.0)   (1.000,180.0)   (1.000,  0.0)   (1.000,180.0)   


 Irrep R_4- ,  dimension 1
      1               2               3               4         
(1.000,  0.0)   (1.000,180.0)   (1.000,  0.0)   (1.000,180.0)   

      5               6               7               8         
(1.000,180.0)   (1.000,  0.0)   (1.000,180.0)   (1.000,  0.0)   


 Irrep R_3+ ,  dimension 1
      1               2               3               4         
(1.000,  0.0)   (1.000,180.0)   (1.000,180.0)   (1.000,  0.0)   

      5               6               7               8         
(1.000,  0.0)   (1.000,180.0)   (1.000,180.0)   (1.000,  0.0)   


 Irrep R_3- ,  dimension 1
      1               2               3               4         
(1.000,  0.0)   (1.000,180.0)   (1.000,180.0)   (1.000,  0.0)   

      5               6               7               8         
(1.000,180.0)   (1.000,  0.0)   (1.000,  0.0)   (1.000,180.0)   


General position characters:
Gen Pos:      1             2             3             4             5             6             7             8             9             10             11             12             13             14             15             16             
R_1+      (2.000,  0.0) (2.000,  0.0) (0.000,  0.0) (0.000,  0.0) (0.000,  0.0) (0.000,  0.0) (0.000,  0.0) (0.000,  0.0) (0.000,  0.0) (0.000,  0.0) (0.000,  0.0) (0.000,  0.0) (2.000,  0.0) (2.000,  0.0) (0.000,  0.0) (0.000,  0.0) 
R_1-      (2.000,  0.0) (2.000,  0.0) (0.000,  0.0) (0.000,  0.0) (0.000,  0.0) (0.000,  0.0) (0.000,  0.0) (0.000,  0.0) (0.000,  0.0) (0.000,  0.0) (0.000,  0.0) (0.000,  0.0) (2.000,180.0) (2.000,180.0) (0.000,  0.0) (0.000,  0.0) 
R_2+      (2.000,  0.0) (2.000,  0.0) (0.000,  0.0) (0.000,  0.0) (0.000,  0.0) (0.000,  0.0) (0.000,  0.0) (0.000,  0.0) (0.000,  0.0) (0.000,  0.0) (0.000,  0.0) (0.000,  0.0) (2.000,180.0) (2.000,180.0) (0.000,  0.0) (0.000,  0.0) 
R_2-      (2.000,  0.0) (2.000,  0.0) (0.000,  0.0) (0.000,  0.0) (0.000,  0.0) (0.000,  0.0) (0.000,  0.0) (0.000,  0.0) (0.000,  0.0) (0.000,  0.0) (0.000,  0.0) (0.000,  0.0) (2.000,  0.0) (2.000,  0.0) (0.000,  0.0) (0.000,  0.0) 
R_4+      (2.000,  0.0) (2.000,180.0) (0.000,  0.0) (0.000,  0.0) (2.000,  0.0) (2.000,180.0) (0.000,  0.0) (0.000,  0.0) (0.000,  0.0) (0.000,  0.0) (0.000,  0.0) (0.000,  0.0) (0.000,  0.0) (0.000,  0.0) (0.000,  0.0) (0.000,  0.0) 
R_4-      (2.000,  0.0) (2.000,180.0) (0.000,  0.0) (0.000,  0.0) (2.000,  0.0) (2.000,180.0) (0.000,  0.0) (0.000,  0.0) (0.000,  0.0) (0.000,  0.0) (0.000,  0.0) (0.000,  0.0) (0.000,  0.0) (0.000,  0.0) (0.000,  0.0) (0.000,  0.0) 
R_3+      (2.000,  0.0) (2.000,180.0) (0.000,  0.0) (0.000,  0.0) (2.000,180.0) (2.000,  0.0) (0.000,  0.0) (0.000,  0.0) (0.000,  0.0) (0.000,  0.0) (0.000,  0.0) (0.000,  0.0) (0.000,  0.0) (0.000,  0.0) (0.000,  0.0) (0.000,  0.0) 
R_3-      (2.000,  0.0) (2.000,180.0) (0.000,  0.0) (0.000,  0.0) (2.000,180.0) (2.000,  0.0) (0.000,  0.0) (0.000,  0.0) (0.000,  0.0) (0.000,  0.0) (0.000,  0.0) (0.000,  0.0) (0.000,  0.0) (0.000,  0.0) (0.000,  0.0) (0.000,  0.0) 


Physically-irreducible representations:
  *R_1+  *R_1-  *R_2+  *R_2-  *R_4+  *R_4-  *R_3+  *R_3-